0 0.0003633720930232693 0.3122923588039867 0.36191860465116277 0.301218161683278 0.6059835271317829 0.301218161683278 0.8458091085271316 0.3078626799557032 0.9990310077519379 0.3178294573643411 0.9990310077519379 0.4208194905869324 0.8567102713178294 0.4064230343300111 0.7761627906976745 0.40420819490586934 0.6096172480620156 0.3997785160575858 0.3703972868217055 0.3997785160575858 0.14631782945736435 0.40753045404208194 0.0 0.4108066083576287
1 0.10712139423076927 0.40934065934065933 0.1171374198717949 0.45467032967032966 0.11613581730769233 0.6076007326007326 0.1171374198717949 0.6231684981684982 0.12489983974358979 0.6433150183150184 0.14342948717948723 0.6785714285714286 0.14968950320512825 0.6836080586080585 0.16521434294871798 0.6923076923076923 0.1719751602564103 0.6808608058608059 0.19075520833333337 0.6190476190476191 0.2012720352564103 0.5833333333333333 0.2012720352564103 0.5709706959706959 0.19626402243589747 0.565018315018315 0.18825120192307696 0.5608974358974359 0.18349358974358979 0.5659340659340659 0.15970552884615388 0.6465201465201464 0.151943108974359 0.6648351648351648 0.13466546474358979 0.6318681318681318 0.13316306089743593 0.6048534798534798 0.13491586538461542 0.4954212454212454 0.13741987179487183 0.4624542124542125 0.14242788461538464 0.4358974358974359 0.14292868589743593 0.4125457875457875
1 0.33548677884615385 0.40201465201465203 0.34550280448717957 0.4496336996336996 0.34550280448717957 0.5068681318681318 0.34400040064102566 0.6085164835164835 0.34525240384615385 0.6318681318681318 0.3490084134615385 0.657967032967033 0.3582732371794872 0.6955128205128205 0.36628605769230776 0.7193223443223443 0.3755508814102565 0.7326007326007326 0.39257812500000006 0.7362637362637362 0.4010917467948718 0.7252747252747253 0.41311097756410253 0.6982600732600732 0.43214142628205127 0.6469780219780219 0.4291366185897436 0.6414835164835165 0.4143629807692307 0.6346153846153846 0.41035657051282054 0.6401098901098901 0.38406450320512825 0.7019230769230769 0.38080929487179493 0.6996336996336996 0.37054286858974367 0.6616300366300366 0.3657852564102565 0.6341575091575091 0.3660356570512821 0.5906593406593407 0.36778846153846156 0.4807692307692308 0.36904046474358976 0.4487179487179487 0.37104366987179493 0.4276556776556777 0.370292467948718 0.40293040293040294
1 0.568359375 0.4010989010989011 0.5816306089743589 0.4217032967032967 0.5856370192307693 0.4542124542124542 0.5833834134615385 0.6108058608058607 0.5838842147435898 0.6272893772893773 0.5883914262820513 0.6538461538461539 0.6036658653846154 0.6978021978021978 0.6116786858974359 0.7211538461538461 0.6211939102564102 0.7339743589743589 0.6362179487179487 0.7403846153846153 0.649238782051282 0.7261904761904762 0.6697716346153846 0.6845238095238094 0.685546875 0.6492673992673992 0.6835436698717949 0.6401098901098901 0.6702724358974359 0.6327838827838828 0.6652644230769231 0.6396520146520146 0.6302083333333333 0.7129120879120879 0.6267027243589743 0.7097069597069596 0.6096754807692307 0.6616300366300366 0.6039162660256411 0.6364468864468864 0.6034154647435898 0.5851648351648351 0.6061698717948718 0.47527472527472525 0.6091746794871795 0.434981684981685 0.6099258814102564 0.40384615384615385
1 0.8125 0.4061355311355311 0.8272736378205128 0.42857142857142855 0.8315304487179487 0.44642857142857145 0.8325320512820513 0.47115384615384615 0.8322816506410255 0.6039377289377289 0.8330328525641025 0.6236263736263736 0.8367888621794872 0.6474358974358974 0.8440504807692308 0.6703296703296703 0.8748497596153847 0.7321428571428571 0.8848657852564102 0.7440476190476191 0.8993890224358975 0.7454212454212454 0.9111578525641025 0.7339743589743589 0.9366987179487178 0.6877289377289377 0.9552283653846153 0.6510989010989011 0.9507211538461539 0.6456043956043955 0.9432091346153847 0.6396520146520146 0.9369491185897436 0.6469780219780219 0.9008914262820513 0.7152014652014652 0.8886217948717949 0.7261904761904762 0.8821113782051281 0.7165750915750916 0.8563201121794872 0.6639194139194139 0.8495592948717949 0.6405677655677655 0.8480568910256411 0.6011904761904762 0.8505608974358975 0.4606227106227106 0.8523137019230769 0.4409340659340659 0.8523137019230769 0.41895604395604397 0.8550681089743589 0.407051282051282
2 0.18244154676258997 0.5704008221993834 0.20042715827338134 0.5844467283316204 0.2013639088729017 0.5700582391229874 0.18899880095923266 0.5604659129838986
2 0.4080110911270983 0.6467968482356972 0.42899430455635496 0.6563891743747858 0.43367805755395683 0.6426858513189448 0.4134442446043165 0.631723192874272
2 0.6626199040767387 0.645083932853717 0.683041067146283 0.6560465912983898 0.6867880695443646 0.6413155190133607 0.668240407673861 0.6296676944158959
2 0.936900479616307 0.6471394313120932 0.9502023381294965 0.6594724220623501 0.9560101918465229 0.6485097636176773 0.9427083333333334 0.6365193559438164
3 0.15040467625899284 0.6652963343610825 0.14459682254196646 0.6793422404933196 0.16576738609112712 0.6923603973963686 0.1723246402877698 0.6800274066461117
3 0.382718824940048 0.7036656389174375 0.3726019184652279 0.7129153819801302 0.36829286570743414 0.722850291195615 0.3752248201438849 0.7324426173347037 0.3932104316546763 0.7344981157930798 0.4008917865707434 0.7249057896539911
3 0.6287095323741008 0.7136005481329223 0.6223396282973621 0.7177115450496746 0.6163444244604317 0.7142857142857143 0.6110986211031175 0.7225077081192189 0.6225269784172662 0.7344981157930798 0.6363908872901678 0.7392942788626242 0.6435101918465228 0.7321000342583076
3 0.8851918465227818 0.7235354573484071 0.8823815947242206 0.7396368619390201 0.8887514988009592 0.7430626927029805 0.8996178057553956 0.7440904419321684 0.8994304556354915 0.7327852004110996 0.8953087529976018 0.7218225419664268
