0 0.0027858527131783078 0.2602436323366556 0.27228682170542634 0.3421926910299003 0.5859980620155039 0.4341085271317829 0.8664001937984495 0.5271317829457365 0.99921875 0.5750519692703445 0.99921875 0.6644518272425248 0.7380087209302325 0.5736434108527132 0.37827034883720934 0.4584717607973422 0.007025193798449625 0.3521594684385382 0.0 0.34848916310710326
1 0.008680555555555556 0.3498288204170557 0.00017020697167755992 0.36943666355431065 0.00017020697167755992 0.41612200435729846 0.012935729847494554 0.43666355431061316 0.00017020697167755992 0.46187363834422657 0.00017020697167755992 0.3460939931528167
1 0.16033496732026145 0.3756613756613757 0.15914351851851855 0.4011826953003424 0.14808006535947713 0.450046685340803 0.14008033769063183 0.4864612511671335 0.1375272331154684 0.5073140367258014 0.14297385620915032 0.5334578275754747 0.151994825708061 0.5515094926859633 0.16493055555555555 0.5748521630874572 0.17701525054466233 0.5667600373482726 0.21667347494553377 0.5057578586990351 0.2161628540305011 0.4973544973544974 0.20595043572984748 0.47992530345471524 0.20050381263616557 0.47992530345471524 0.16765386710239652 0.5328353563647681 0.15812227668845316 0.5399937752878929 0.1528458605664488 0.5256769374416433 0.1545479302832244 0.509181450357921 0.17548338779956427 0.4189231248054778 0.18382352941176472 0.39589169000933705 0.18484477124183007 0.38375350140056025
1 0.35607298474945537 0.4260815437286025 0.36049836601307195 0.4466230936819172 0.3577750544662309 0.4649859943977591 0.3410947712418301 0.5353252412075942 0.3344566993464052 0.5633364456893869 0.3315631808278867 0.5863678804855276 0.3324142156862745 0.6159352629940866 0.3361587690631808 0.6377217553688141 0.34705201525054463 0.652349828820417 0.35726443355119825 0.6489262371615313 0.3792211328976035 0.6190476190476191 0.39556100217864926 0.5960161842514784 0.394880174291939 0.5891690009337068 0.38534858387799564 0.5739184562713975 0.38092320261437906 0.5711173358232182 0.3485838779956427 0.6187363834422658 0.34671160130718953 0.6143790849673203 0.34790305010893247 0.5866791160908807 0.3559027777777778 0.5533769063180828 0.3702001633986928 0.4933084344849051 0.3783700980392157 0.4649859943977591 0.38075299564270154 0.4354186118892001
1 0.5286628540305011 0.48863990040460625 0.5337690631808278 0.5001556178026766 0.5329180283224402 0.520385932150638 0.5227056100217865 0.5851229380641145 0.5191312636165578 0.6128229069405541 0.519812091503268 0.6330532212885154 0.5305351307189543 0.6610644257703081 0.549598311546841 0.6931216931216931 0.5604915577342048 0.6893868658574541 0.5838099128540305 0.6526610644257703 0.6016816448801743 0.6234049175225647 0.602192265795207 0.6159352629940866 0.5923202614379085 0.5991285403050108 0.5882352941176471 0.5957049486461251 0.5690019063180828 0.6240273887332711 0.5513003812636166 0.6542172424525365 0.5456835511982571 0.6588857765328354 0.5414283769063182 0.6591970121381887 0.5366625816993464 0.6458138811079988 0.5361519607843137 0.6286959228135699 0.5398965141612201 0.6044195455960163 0.555044934640523 0.5073140367258014 0.5577682461873639 0.49299719887955185
1 0.7177627995642701 0.5533769063180828 0.719805283224401 0.5704948646125116 0.7060185185185185 0.664488017429194 0.7060185185185185 0.6791160908807968 0.7118055555555556 0.7068160597572363 0.7352941176470589 0.7513227513227514 0.7446555010893247 0.7556800497976969 0.7594635076252724 0.7432306255835668 0.7974196623093682 0.6890756302521008 0.7880582788671024 0.6657329598506069 0.780909586056645 0.6704014939309058 0.7492510893246187 0.7136632430750078 0.7432938453159041 0.7208216619981326 0.7349537037037037 0.7239340180516651 0.7296772875816994 0.7195767195767195 0.7189542483660131 0.6965452847805789 0.7186138344226579 0.6828509181450358 0.7225285947712419 0.6582633053221288 0.7359749455337691 0.5683162153750388 0.7390386710239651 0.5546218487394958
1 0.9012459150326798 0.6156240273887333 0.9036288126361656 0.6355431061313415 0.9020969498910676 0.6959228135698724 0.9015863289760349 0.7320261437908496 0.9043096405228759 0.7525676937441644 0.9124795751633987 0.7765328353563649 0.9289896514161221 0.7945845004668534 0.9436274509803922 0.8098350451291628 0.9540100762527233 0.810146280734516 0.9700095315904139 0.7914721444133209 0.998263888888889 0.7351384998443822 0.9945193355119827 0.7208216619981326 0.9875408496732027 0.7105508870214753 0.9839665032679739 0.712729536258948 0.9562227668845317 0.7671957671957672 0.9512867647058825 0.7762215997510116 0.943287037037037 0.7808901338313103 0.9368191721132899 0.7774665421724246 0.924734477124183 0.7650171179582945 0.9160539215686274 0.7522564581388111 0.916224128540305 0.7167755991285403 0.9180964052287581 0.6663554310613135 0.9189474400871459 0.6314970432617492 0.9237132352941178 0.6134453781512605
2 0.0005106209150326798 0.4158107687519453 0.0005106209150326798 0.4615624027388733 0.012765522875816993 0.43759726112667285
2 0.19386574074074076 0.4908185496420791 0.20969498910675383 0.5169623404917523 0.2170138888888889 0.5057578586990351 0.2165032679738562 0.4964207905384376 0.20595043572984748 0.478369125427949 0.20050381263616557 0.4789915966386555
2 0.3749659586056645 0.5810768751945223 0.3877314814814815 0.6059757236227824 0.3953907952069717 0.5953937130407718 0.3947099673202615 0.5879240585122938 0.3843273420479303 0.5726735138499844 0.3804125816993464 0.5698723934018052
2 0.5800653594771241 0.609088079676315 0.595213779956427 0.6330532212885154 0.6015114379084967 0.6237161531279178 0.6016816448801743 0.6162464985994398 0.590618191721133 0.5925925925925927
2 0.7788671023965141 0.6747587924058512 0.7909517973856209 0.6999688764394647 0.7981004901960784 0.6887643946467475 0.7865264161220045 0.6629318394024277
2 0.9805623638344226 0.7195767195767195 0.9948597494553377 0.74354186118892 0.99921875 0.735021410863196 0.9875408496732027 0.7093059446000622
3 0.15573937908496732 0.5365701836290071 0.14893110021786493 0.5446623093681917 0.16067538126361655 0.5683162153750388 0.16527096949891068 0.5726735138499844 0.1758238017429194 0.5676937441643324 0.1608455882352941 0.5406162464985994
3 0.3468818082788671 0.6143790849673203 0.33820125272331153 0.6196700902583256 0.3334354575163399 0.6283846872082166 0.3388820806100218 0.6408341114223467 0.3496051198257081 0.6548397136632431 0.3485838779956427 0.6255835667600373
3 0.5393858932461874 0.6554621848739496 0.5358115468409587 0.6579520697167756 0.5335988562091504 0.6676003734827265 0.5451729302832244 0.6859632741985684 0.5501089324618736 0.6918767507002801 0.5558959694989107 0.6909430438842203 0.5601511437908496 0.6890756302521008 0.546534586056645 0.6697790227201992 0.5456835511982571 0.6607531901649549 0.5402369281045752 0.6582633053221288
3 0.7318899782135077 0.7220666044195456 0.7257625272331155 0.7329598506069095 0.7358047385620916 0.7519452225334579 0.7424428104575164 0.7538126361655774 0.7489106753812637 0.7516339869281046 0.7400599128540305 0.7326486150015562 0.7395492919389979 0.7220666044195456 0.7351239106753813 0.7251789604730782
3 0.9364787581699346 0.7787114845938375 0.9320533769063181 0.7902272019919079 0.9320533769063181 0.7986305633364457 0.9398828976034859 0.8061002178649237 0.9468613834422659 0.8110799875505759 0.9546909041394336 0.810146280734516 0.948733660130719 0.788982259570495 0.9492442810457516 0.7787114845938375 0.9429466230936819 0.7821350762527233
