0 0.000968992248062029 0.07751937984496124 0.21354166666666669 0.1672203765227021 0.42429748062015504 0.25249169435215946 0.6847141472868217 0.3643410852713178 0.8597383720930232 0.44739756367663347 0.9972141472868217 0.5116279069767441 0.998425387596899 0.6411960132890365 0.8403585271317828 0.5725359911406422 0.6659399224806202 0.4972314507198228 0.5399709302325582 0.45071982281284606 0.34314437984496127 0.37209302325581395 0.17175387596899228 0.30675526024363237 0.0 0.24150952224977776
1 0.0011042402826855124 0.5931347804139323 0.017943904593639575 0.5628470469459869 0.05962897526501767 0.48359414437152953 0.07232773851590106 0.4664310954063604 0.09496466431095406 0.48914689550731955 0.10379858657243816 0.5133770822816759 0.04444567137809187 0.6208985360928824 0.031470848056537104 0.6385663806158506 0.020980565371024735 0.6461383139828369 0.008557862190812721 0.6511862695608278 0.0 0.6451287228672388
1 0.3155366607773852 0.30742049469964666 0.29842093639575973 0.3215547703180212 0.29069125441696114 0.331650681474003 0.30918727915194344 0.37051993942453304 0.3174690812720848 0.38970217062089857 0.3036660777385159 0.5451792024230186 0.30200971731448767 0.5845532559313478 0.30449425795053003 0.6118122160524987 0.31608878091872794 0.6476527006562343 0.3340326855123675 0.6920747097425543 0.3561174911660777 0.7274103987884907 0.3713007950530035 0.7440686521958607 0.39145318021201414 0.7390206966178698 0.40967314487632506 0.7132761231701161 0.4673696996466431 0.6229177183240787 0.47068242049469966 0.6163553760726905 0.4676457597173145 0.6057546693589096 0.46102031802120136 0.5916203937405351 0.45577517667844525 0.5830388692579505 0.44887367491166075 0.5790005047955578 0.411053445229682 0.6395759717314488 0.38427561837455826 0.6819787985865724 0.3743374558303887 0.696113074204947 0.36715989399293286 0.7001514386673398 0.3561174911660777 0.6986370519939424 0.3425905477031802 0.6728924785461887 0.3301678445229682 0.6380615850580514 0.32933966431095407 0.6143361938414942 0.339553886925795 0.48662291771832406 0.3489399293286219 0.3791014639071176 0.34976810954063603 0.3685007571933367 0.3696444346289752 0.3286219081272085
1 0.6307972614840989 0.4351337708228168 0.6145097173144876 0.46188793538616857 0.6222393992932862 0.4871277132761232 0.633833922261484 0.5058051489146895 0.639631183745583 0.5214538112064614 0.6343860424028269 0.6426047450782433 0.6321775618374559 0.6860171630489651 0.6349381625441696 0.7253912165572943 0.6421157243816255 0.7501261988894499 0.6559187279151943 0.7799091367995962 0.682696554770318 0.8228167592125188 0.6945671378091872 0.8419989904088844 0.7056095406360423 0.8556284704694599 0.7210689045936396 0.8536092882382635 0.7379085689045937 0.834427057041898 0.7679991166077739 0.7794043412417971 0.7898078621908127 0.7400302877334679 0.7853909010600707 0.7253912165572943 0.7784893992932862 0.7117617364967188 0.7732442579505301 0.707218576476527 0.7668948763250883 0.7137809187279152 0.721344964664311 0.7985865724381624 0.7127871024734982 0.8101968702675416 0.7047813604240283 0.8142352347299343 0.6956713780918727 0.8152448258455325 0.6578511484098939 0.7516405855628471 0.6548144876325088 0.7309439676930843 0.6559187279151943 0.6582534073700151 0.6630962897526501 0.503281171125694 0.670273851590106 0.4871277132761232 0.6766232332155477 0.46542150429076223 0.6807641342756183 0.45330641090358403
1 0.8844964664310954 0.5446744068652196 0.8588228798586572 0.5759717314487632 0.869589222614841 0.5956587582029278 0.8817358657243816 0.608278647147905 0.8933303886925795 0.6203937405350832 0.9035446113074205 0.8197879858657243 0.9123785335689046 0.8480565371024735 0.9236969964664311 0.8748107016658253 0.9435733215547704 0.8965169106511863 0.9653820671378093 0.9242806663301363 0.9786329505300353 0.93336698637052 0.9938162544169611 0.9308430085815245 0.99921875 0.9224459868753154 0.9990613957597173 0.873296314992428 0.9935401943462898 0.8838970217062089 0.9866386925795053 0.8939929328621908 0.9744920494699647 0.8934881373043917 0.9267336572438163 0.8334174659262998 0.9176236749116609 0.817768803634528 0.9118264134275618 0.7057041898031298 0.9087897526501767 0.6168601716304897 0.9178997349823321 0.5825340737001514 0.9261815371024735 0.5608278647147905
2 0.05438383392226148 0.497728419989904 0.05962897526501767 0.5184250378596669 0.08695892226148409 0.5451792024230186 0.10214222614840988 0.5143866733972741 0.09662102473498232 0.48611812216052497 0.07094743816254416 0.46542150429076223
2 0.4367270318021201 0.5991923271075215 0.4439045936395759 0.607773851590106 0.4574315371024735 0.6380615850580514 0.4723387809187279 0.6153457849570924 0.4574315371024735 0.5805148914689551 0.4480454946996466 0.5764765270065623
2 0.7577848939929328 0.7289247854618879 0.7671709363957597 0.7364967188288744 0.7782133392226148 0.762241292276628 0.7906360424028269 0.7400302877334679 0.7784893992932862 0.7102473498233215 0.7704836572438162 0.7067137809187279
3 0.00441696113074205 0.5855628470469461 0.011042402826855122 0.6042402826855123 0.037268109540636044 0.6320040383644624 0.02843418727915194 0.6395759717314488 0.018496024734982332 0.6481574962140333 0.009386042402826856 0.6486622917718324 0.0005521201413427562 0.6456335184250379
3 0.35114840989399293 0.6910651186269561 0.3425905477031802 0.7057041898031298 0.34921598939929327 0.718324078748107 0.3574977915194346 0.7324583543664815 0.3710247349823321 0.7440686521958607 0.38399955830388693 0.7410398788490661 0.3931095406360424 0.7354871277132761 0.3768219964664311 0.7102473498233215 0.37709805653710243 0.6930843008581524 0.37185291519434627 0.6971226653205451 0.3635711130742049 0.7006562342251388 0.35584143109540634 0.696113074204947
3 0.6890459363957597 0.8041393235739525 0.6815923144876325 0.8192831903079252 0.6912544169611308 0.8389702170620899 0.7025728798586572 0.8520949015648662 0.7061616607773852 0.8576476527006562 0.7232773851590106 0.8520949015648662 0.7299028268551236 0.8425037859666835 0.7196886042402826 0.8243311458859163 0.7180322438162544 0.8036345280161535 0.713339222614841 0.8091872791519434 0.707541961130742 0.8147400302877335 0.6992601590106007 0.8147400302877335 0.6945671378091872 0.8112064613831399
3 0.966762367491166 0.8854114083796063 0.9595848056537102 0.8995456839979808 0.9604129858657243 0.9192327107521453 0.9725596289752649 0.92781423523473 0.9833259717314486 0.9313478041393236 0.9940923144876324 0.9308430085815245 0.9990613957597173 0.9222614840989399 0.9990613957597173 0.8727915194346288 0.9924359540636042 0.8859162039374052 0.9852583922261484 0.8924785461887935 0.9736638692579506 0.8914689550731952
