0 0.000968992248062029 0.03654485049833887 0.05486918604651164 0.046511627906976744 0.25169573643410853 0.05426356589147286 0.5260416666666667 0.06423034330011074 0.7228682170542636 0.0830564784053156 0.8948643410852712 0.10409745293466224 0.99921875 0.11710787274740765 0.99921875 0.2978959025470653 0.8191618217054263 0.27906976744186046 0.5738856589147286 0.2646733111849391 0.33890503875968997 0.2558139534883721 0.11543120155038762 0.2547065337763012 0.0 0.25581163428478665
1 0.009447674418604664 0.849390919158361 0.03851744186046513 0.7740863787375414 0.0494186046511628 0.7464008859357695 0.06395348837209304 0.7297895902547065 0.07000968992248063 0.7386489479512736 0.06455910852713179 0.768549280177187 0.028827519379844974 0.8582502768549279 0.0021802325581395483 0.892580287929125 0.000968992248062029 0.8427464008859357
1 0.27410368217054265 0.2602436323366556 0.29045542635658916 0.30564784053156147 0.3049903100775194 0.3743078626799557 0.308624031007752 0.4462901439645626 0.3146802325581396 0.6013289036544851 0.3195251937984496 0.6578073089700996 0.3322432170542636 0.7142857142857143 0.36858042635658916 0.8239202657807309 0.40128391472868213 0.8881506090808415 0.4230862403100775 0.892580287929125 0.4709302325581396 0.8660022148394241 0.4945494186046512 0.847176079734219 0.5121124031007752 0.8183831672203764 0.5054505813953488 0.8028792912513841 0.4327761627906977 0.8427464008859357 0.4127906976744186 0.8239202657807309 0.3819040697674419 0.7475083056478404 0.35101744186046513 0.6522702104097453 0.34677810077519383 0.602436323366556 0.34132751937984496 0.4130675526024364 0.3401162790697675 0.3178294573643411 0.34738372093023256 0.2990033222591362 0.35222868217054265 0.2779623477297896 0.3697916666666667 0.256921373200443
1 0.7246850775193798 0.2735326688815061 0.7404312015503877 0.30564784053156147 0.749515503875969 0.34883720930232553 0.749515503875969 0.39424141749723146 0.7428536821705427 0.49169435215946844 0.7313468992248062 0.6013289036544851 0.731952519379845 0.646733111849391 0.7392199612403101 0.707641196013289 0.7561773255813954 0.7585825027685491 0.7725290697674418 0.812846068660022 0.7846414728682171 0.847176079734219 0.8034156976744186 0.8671096345514948 0.8294573643410852 0.8626799557032114 0.8991036821705425 0.8194905869324474 0.913032945736434 0.786267995570321 0.9045542635658913 0.7729789590254706 0.8948643410852712 0.7807308970099666 0.8264292635658913 0.8228128460686599 0.8173449612403101 0.8194905869324474 0.8009932170542635 0.805094130675526 0.7858527131782946 0.7696566998892579 0.7543604651162791 0.6533776301218162 0.7513323643410852 0.6112956810631229 0.7579941860465117 0.5415282392026578 0.7737403100775194 0.3576965669988926 0.7858527131782946 0.34108527131782945 0.7919089147286822 0.327796234772979 0.7967538759689923 0.3122923588039867 0.8052325581395348 0.2956810631229236 0.8143168604651162 0.283499446290144 0.8215843023255813 0.27906976744186046
2 0.03730620155038761 0.7818383167220375 0.05305232558139537 0.7906976744186045 0.07122093023255816 0.7408637873754153 0.06455910852713179 0.7220376522702104 0.04457364341085272 0.741971207087486
2 0.4878875968992248 0.812846068660022 0.4745639534883721 0.8383167220376522 0.4745639534883721 0.8682170542635658 0.49333817829457366 0.849390919158361 0.515140503875969 0.8183831672203764 0.5054505813953488 0.7973421926910299
2 0.8912306201550386 0.7818383167220375 0.8766957364341085 0.8073089700996677 0.8779069767441859 0.8361018826135105 0.8984980620155039 0.8205980066445181 0.915455426356589 0.7851605758582503 0.9057655038759689 0.7674418604651162
3 0.42126937984496127 0.8327796234772977 0.39946705426356593 0.8582502768549279 0.39946705426356593 0.8837209302325582 0.4109738372093023 0.8892580287929124 0.42611434108527135 0.8870431893687706 0.42490310077519383 0.8637873754152824 0.4309593023255814 0.8394241417497231
3 0.8040213178294573 0.8117386489479512 0.7925145348837209 0.8361018826135105 0.7913032945736435 0.8560354374307863 0.8034156976744186 0.8715393133997785 0.8173449612403101 0.8660022148394241 0.8143168604651162 0.847176079734219 0.8179505813953487 0.8194905869324474
3 0.009447674418604664 0.8516057585825028 0.01429263565891474 0.8759689922480619 0.000968992248062029 0.8914728682170541 0.0003633720930232693 0.8383167220376522
