0 0.001574612403100789 0.04872646733111849 0.004602713178294587 0.03986710963455149 0.16630329457364343 0.05647840531561462 0.4000726744186046 0.07862679955703211 0.6308139534883721 0.09966777408637875 0.8131056201550386 0.12292358803986711 0.998425387596899 0.15171650055370986 0.998425387596899 0.2591362126245847 0.6350532945736435 0.2026578073089701 0.34617248062015504 0.16832779623477298 -4.4408920985006264e-17 0.13739580494724776
1 0.06303648068669528 0.14776210913549967 0.07041309012875537 0.16983445738810546 0.07778969957081545 0.19742489270386265 0.08181330472103004 0.23298589822194973 0.08751341201716738 0.35744941753525444 0.09321351931330471 0.40649908031882276 0.10226663090128756 0.45432250153280196 0.11769045064377681 0.5131820968730839 0.12473175965665236 0.5272838749233598 0.14317328326180256 0.5248313917841815 0.1542381974248927 0.49785407725321884 0.1693267167381974 0.4530962599632128 0.1616148068669528 0.4438994481912937 0.14585568669527899 0.4463519313304721 0.13881437768240343 0.46351931330472096 0.13311427038626608 0.4874310239117106 0.12104345493562232 0.43654199877375843 0.11400214592274678 0.40404659717964436 0.10930793991416307 0.30656039239730226 0.1046137339055794 0.20846106683016555 0.10561963519313304 0.16676885346413242 0.10796673819742489 0.14714898835070508
1 0.31518240343347637 0.16860821581851623 0.32121781115879827 0.1894543225015328 0.3269179184549356 0.22072348252605764 0.33295332618025747 0.23298589822194973 0.33530042918454933 0.3016554261189454 0.3336239270386266 0.4028203556100552 0.3386534334763948 0.4555487431023912 0.34938304721030045 0.5119558553034947 0.3621244635193133 0.5542611894543225 0.36983637339055797 0.5610055180870631 0.3832483905579399 0.5579399141630901 0.39431330472103 0.5315757204169221 0.41241952789699565 0.4800735744941753 0.4171137339055794 0.46290619251992643 0.41241952789699565 0.45861434702636417 0.40269581545064376 0.45432250153280196 0.3980016094420601 0.46290619251992643 0.37251877682403434 0.5352544451256898 0.36614806866952787 0.5125689760882893 0.3544125536480687 0.45432250153280196 0.3500536480686695 0.424892703862661 0.35072424892703863 0.26609442060085836 0.3547478540772532 0.22624156958920907 0.3547478540772532 0.19435928877988962 0.3584361587982833 0.16738197424892703
1 0.574369635193133 0.19497240956468423 0.5814109442060086 0.22378908645003065 0.5847639484978541 0.246474555487431 0.5901287553648069 0.27222562844880444 0.5887875536480687 0.3776824034334764 0.5891228540772533 0.4297976701410178 0.5931464592274678 0.46045370938074803 0.6062231759656652 0.49478847332924586 0.6270118025751072 0.5340282035561005 0.6410944206008583 0.5530349478847333 0.6565182403433476 0.5561005518087063 0.6729479613733905 0.5236051502145922 0.6997719957081545 0.4580012262415696 0.7041309012875536 0.44022072348252606 0.6987660944206009 0.4334763948497854 0.6890423819742489 0.43163703249540153 0.6856893776824033 0.43776824034334766 0.6659066523605149 0.4874310239117106 0.6501475321888412 0.5285101164929491 0.6410944206008583 0.5352544451256898 0.6119232832618026 0.4739423666462293 0.6065584763948497 0.4512568976088289 0.6068937768240343 0.3648068669527897 0.607899678111588 0.2832618025751073 0.6156115879828327 0.22624156958920907 0.63237660944206 0.19558553034947884
1 0.834898068669528 0.22869405272838747 0.8449570815450643 0.2611894543225015 0.8469688841201716 0.28816676885346415 0.8493159871244634 0.30472103004291845 0.8446217811158798 0.45616186388718577 0.8446217811158798 0.5039852851011649 0.8516630901287554 0.5450643776824033 0.8684281115879828 0.6051502145922746 0.8811695278969957 0.6321275291232372 0.8905579399141631 0.6376456161863887 0.9079935622317595 0.6345800122624157 0.9579533261802575 0.5708154506437768 0.9542650214592274 0.559779276517474 0.9378353004291846 0.5579399141630901 0.8949168454935622 0.6161863887185776 0.877145922746781 0.5689760882893931 0.8660810085836909 0.5193133047210301 0.8637339055793991 0.4849785407725322 0.8741282188841202 0.27713059472716123 0.8865343347639485 0.2323727774371551
2 0.1384790772532189 0.46351931330472096 0.14417918454935622 0.47823421213979156 0.16630901287553648 0.46842427958307786 0.1699973175965665 0.4530962599632128 0.16195010729613732 0.4426732066217045 0.14619098712446352 0.4463519313304721
2 0.3939780042918455 0.4702636419374617 0.40034871244635195 0.48313917841814835 0.4134254291845494 0.4800735744941753 0.4171137339055794 0.4622930717351318 0.4104077253218884 0.45493562231759654 0.40001341201716734 0.4580012262415696
2 0.679318669527897 0.4555487431023912 0.685354077253219 0.45984058859595334 0.7017837982832618 0.45861434702636417 0.7048015021459227 0.4389944819129369 0.6984307939914163 0.43225015328019617 0.6873658798283262 0.43163703249540153 0.6816657725321889 0.4438994481912937
2 0.9297880901287554 0.5702023298589822 0.934482296137339 0.5861434702636419 0.9495708154506438 0.5824647455548743 0.9596298283261803 0.5708154506437768 0.9549356223175967 0.5573267933782955 0.9375 0.5573267933782955
3 0.11400214592274678 0.49724095646842426 0.12171405579399142 0.5205395462906193 0.12942596566523606 0.522378908645003 0.14384388412017166 0.522378908645003 0.13143776824034334 0.5095033721643163 0.1284200643776824 0.5015328019619866 0.132443669527897 0.4862047823421214
3 0.3701716738197425 0.5291232372777437 0.35776555793991416 0.539546290619252 0.3654774678111588 0.5548743102391172 0.3819071888412017 0.5567136725935009 0.3718481759656652 0.5462906192519926
3 0.6397532188841202 0.5291232372777437 0.631706008583691 0.5383200490496628 0.6404238197424893 0.5511955855303495 0.6595359442060086 0.5554874310239116 0.6528299356223176 0.542611894543225 0.642100321888412 0.5346413243408952
3 0.8925697424892703 0.6082158185162477 0.8784871244635193 0.6112814224402208 0.8747988197424892 0.6192519926425505 0.8828460300429184 0.6327406499080319 0.8942462446351931 0.6351931330472103 0.9113465665236051 0.6345800122624157 0.8962580472103004 0.6296750459840589 0.892905042918455 0.618638871857756
