0 0.0027858527131783078 0.3654485049833887 0.18992248062015507 0.3798449612403101 0.4321705426356589 0.3964562569213732 0.6683624031007752 0.4130675526024364 0.8869912790697674 0.4341085271317829 0.99921875 0.4473482656378381 0.99921875 0.5869324473975637 0.9820736434108527 0.5692137320044297 0.9566375968992247 0.5548172757475083 0.5006056201550388 0.530454042081949 0.18386627906976746 0.5227021040974529 0.0 0.5183071678283716
1 0.0006706008583690987 0.7406499080318824 0.012406115879828327 0.7326793378295524 0.03084763948497854 0.6817903126916002 0.05700107296137339 0.6069895769466584 0.06706008583690987 0.5787860208461066 0.0808074034334764 0.5861434702636419 0.08650751072961374 0.6002452483139178 0.09958422746781116 0.6210913549969344 0.08952521459227467 0.6523605150214592 0.06571888412017167 0.7240956468424279 0.04794796137339056 0.7639484978540771 0.03487124463519313 0.7854077253218884 0.019447424892703864 0.795217657878602 0.0016765021459227466 0.7939914163090129 0.00033530042918454936 0.7878602084610669
1 0.247787017167382 0.510116492949111 0.2541577253218884 0.5444512568976089 0.2615343347639485 0.6235438381361128 0.26589324034334766 0.6719803801348866 0.2705874463519313 0.7081545064377682 0.29841738197424894 0.7541385652973636 0.3262473175965665 0.773758430410791 0.3520654506437768 0.7903126916002452 0.37117757510729615 0.7841814837522991 0.390625 0.7522992029429798 0.41409603004291845 0.680564071122011 0.4311963519313305 0.6302881667688535 0.4167784334763948 0.6008583690987125 0.4057135193133047 0.5947271612507664 0.39766630901287553 0.6125076640098099 0.38526019313304716 0.6554261189454322 0.3708422746781116 0.6940527283874923 0.35977736051502146 0.7253218884120172 0.3487124463519313 0.7394236664622931 0.339994635193133 0.7431023911710607 0.325912017167382 0.7369711833231146 0.2980820815450643 0.7142857142857143 0.29305257510729615 0.6873083997547517 0.28634656652360513 0.607602697731453 0.27997585836909866 0.5505824647455548 0.2772934549356223 0.5242182709993869 0.28098175965665234 0.5009196811771919
1 0.5348041845493562 0.5168608215818516 0.543857296137339 0.5401594114040466 0.5485515021459227 0.5744941753525444 0.5582752145922747 0.6382587369711833 0.5690048283261803 0.6897608828939301 0.5874463519313304 0.7345187001839363 0.6156115879828327 0.7559779276517474 0.6471298283261803 0.7706928264868179 0.6699302575107297 0.7590435315757204 0.6877011802575107 0.7259350091968118 0.7078192060085836 0.6664622930717351 0.7222371244635193 0.6235438381361128 0.7125134120171673 0.5935009196811771 0.7044662017167382 0.5898221949724095 0.7011131974248926 0.5959534028203556 0.6786480686695279 0.6584917228694052 0.659200643776824 0.7118332311465358 0.6491416309012875 0.7222562844880441 0.6333825107296137 0.7228694052728387 0.5854345493562232 0.6922133660331085 0.5636400214592274 0.5567136725935009 0.5586105150214592 0.5309625996321276 0.5643106223175965 0.5045984058859595
1 0.7889619098712446 0.5303494788473329 0.8023739270386265 0.5505824647455548 0.8104211373390557 0.5898221949724095 0.8315450643776824 0.6928264868179032 0.8466335836909871 0.7314530962599631 0.86675160944206 0.7467811158798283 0.9126877682403434 0.7694665849172286 0.9361587982832618 0.7522992029429798 0.9582886266094419 0.6738197424892703 0.9673417381974249 0.6358062538320048 0.9626475321888412 0.6149601471489884 0.9556062231759656 0.6088289393010422 0.9505767167381973 0.6137339055793991 0.9267703862660944 0.7050889025137952 0.9214055793991417 0.7173513182096872 0.9126877682403434 0.7259350091968118 0.9009522532188841 0.7216431637032495 0.8493159871244634 0.6946658491722869 0.8436158798283262 0.6842427958307786 0.8389216738197425 0.6584917228694052 0.8131035407725321 0.5493562231759657 0.8177977467811159 0.5205395462906193
2 0.05700107296137339 0.6149601471489884 0.08751341201716738 0.6560392397302268 0.09891362660944206 0.6174126302881667 0.06974248927038626 0.5775597792765175
2 0.39733100858369097 0.6229307173513181 0.4057135193133047 0.6327406499080319 0.4218079399141631 0.657265481299816 0.4325375536480687 0.6302881667688535 0.4171137339055794 0.6008583690987125 0.4043723175965665 0.5941140404659718 0.39733100858369097 0.6100551808706315
2 0.6957483905579399 0.6112814224402208 0.706142703862661 0.6192519926425505 0.7151958154506437 0.6431637032495402 0.7219018240343347 0.6235438381361128 0.7121781115879828 0.5928877988963825 0.7027896995708154 0.5879828326180258
2 0.9455472103004292 0.6321275291232372 0.9556062231759656 0.6388718577559779 0.9603004291845494 0.6707541385652973 0.9673417381974249 0.6351931330472103 0.961976931330472 0.6137339055793991 0.9519179184549357 0.607602697731453
3 0.013076716738197425 0.7296137339055794 0.018441523605150216 0.7381974248927038 0.042583154506437765 0.7694665849172286 0.03185354077253219 0.7884733292458614 0.016765021459227467 0.7958307786633967 0.001005901287553648 0.7909258123850399 0.001005901287553648 0.7639484978540771 0.001005901287553648 0.7388105456774984
3 0.3386534334763948 0.7418761496014714 0.33194742489270385 0.7651747394236664 0.33731223175965663 0.7847946045370937 0.35105954935622313 0.792152053954629 0.366818669527897 0.7866339668914775 0.37654238197424894 0.7731453096259964 0.35977736051502146 0.7455548743102391 0.3544125536480687 0.7339055793991416 0.34737124463519314 0.7418761496014714
3 0.6377414163090129 0.7247087676272226 0.6330472103004292 0.7418761496014714 0.634723712446352 0.7664009809932556 0.6474651287553648 0.7706928264868179 0.6571888412017167 0.7682403433476395 0.6716067596566523 0.7559779276517474 0.662218347639485 0.7296137339055794 0.655512339055794 0.7198038013488657 0.6471298283261803 0.727161250766401
3 0.9032993562231759 0.7259350091968118 0.9022934549356222 0.7461679950950336 0.9063170600858369 0.7657878602084611 0.914364270386266 0.7713059472716126 0.9247585836909871 0.7633353770692827 0.9361587982832618 0.7510729613733904 0.9395118025751072 0.7431023911710607 0.9284468884120172 0.7234825260576334 0.9244232832618027 0.7142857142857143 0.9200643776824033 0.7234825260576334 0.9116818669527896 0.7247087676272226
