0 0.4622844827586207 0.0043103448275862025 0.5639816810344828 0.15701970443349753 0.6791487068965518 0.3368226600985222 0.8502155172413793 0.6052955665024631 0.99921875 0.8493276932962089 0.99921875 0.9698275862068967 0.775457974137931 0.6102216748768473 0.5572467672413793 0.26539408866995073 0.3836866356860632 0.0
1 0.30030980603448276 0.0012315270935960591 0.27976831896551724 0.05295566502463055 0.2531654094827586 0.12068965517241381 0.24710398706896552 0.1391625615763547 0.23902209051724138 0.18226600985221675 0.23329741379310348 0.25677339901477836 0.23397090517241378 0.2838669950738916 0.25080818965517243 0.3060344827586207 0.2686557112068966 0.3072660098522168 0.3073814655172414 0.29371921182266014 0.3073814655172414 0.28140394088669957 0.29458512931034486 0.2629310344827586 0.28077855603448276 0.2641625615763547 0.25451239224137934 0.27401477832512317 0.2565328663793104 0.23830049261083747 0.2646147629310345 0.17980295566502463 0.2693292025862069 0.15332512315270935 0.30435075431034486 0.06834975369458128 0.33263739224137934 0.0012315270935960591
1 0.5158270474137931 0.208128078817734 0.5168372844827587 0.2438423645320197 0.5124595905172413 0.2770935960591133 0.5023572198275862 0.3060344827586207 0.470703125 0.3799261083743843 0.456896551724138 0.42179802955665024 0.447130926724138 0.45012315270935965 0.4454471982758621 0.4876847290640394 0.44342672413793105 0.5363300492610839 0.4444369612068965 0.5763546798029557 0.44915140086206895 0.5960591133004927 0.47272359913793105 0.6096059113300494 0.5070716594827587 0.6052955665024631 0.5299703663793104 0.6003694581280788 0.5282866379310345 0.5855911330049262 0.5178475215517242 0.5775862068965517 0.4925915948275862 0.581896551724138 0.46464170258620696 0.5849753694581281 0.4622844827586207 0.5652709359605912 0.46295797413793105 0.48029556650246313 0.4673356681034483 0.4488916256157635 0.4814789870689656 0.41502463054187194 0.5185210129310345 0.33189655172413796 0.5323275862068966 0.30049261083743845 0.5434401939655172 0.28140394088669957 0.5474811422413793 0.26724137931034486 0.5633081896551724 0.2641625615763547 0.5161637931034483 0.19950738916256158
1 0.7330280172413793 0.5437192118226601 0.7310075431034483 0.5905172413793104 0.7219154094827587 0.624384236453202 0.7040678879310345 0.6613300492610839 0.6771282327586208 0.7025862068965517 0.6532192887931034 0.7475369458128079 0.6451373922413793 0.7721674876847291 0.638739224137931 0.8060344827586208 0.6293103448275862 0.8516009852216749 0.626953125 0.8805418719211824 0.6303205818965518 0.9027093596059115 0.6468211206896551 0.9187192118226601 0.6670258620689655 0.9285714285714286 0.687567349137931 0.9408866995073892 0.6963227370689655 0.9439655172413794 0.6943022629310345 0.9304187192118227 0.681505926724138 0.9205665024630543 0.659954202586207 0.9094827586206897 0.6451373922413793 0.9008620689655172 0.6427801724137931 0.8774630541871922 0.6498518318965518 0.8275862068965518 0.6646686422413793 0.7672413793103449 0.687567349137931 0.7315270935960592 0.7124865301724138 0.6878078817733991 0.7326912715517242 0.6533251231527094 0.7464978448275862 0.6225369458128079 0.7626616379310345 0.6071428571428572 0.7741109913793104 0.5991379310344828
1 0.9088092672413793 0.8226600985221676 0.9034213362068965 0.8842364532019704 0.8909617456896551 0.9088669950738917 0.861328125 0.9679802955665024 0.8482069282454363 0.9985714285714286 0.8707570043103449 0.9985714285714286 0.8872575431034484 0.9649014778325125 0.9098195043103449 0.9224137931034483 0.9236260775862071 0.8971674876847291 0.9340651939655175 0.8910098522167489 0.9445043103448277 0.8848522167487686 0.9485452586206897 0.8842364532019704
2 0.28010506465517243 0.26908866995073893 0.2787580818965517 0.28201970443349755 0.29660560344827586 0.29802955665024633 0.3073814655172414 0.29433497536945813 0.3080549568965517 0.2838669950738916 0.29458512931034486 0.26354679802955666
2 0.5080818965517242 0.5825123152709359 0.507745150862069 0.5917487684729065 0.5245824353448276 0.602832512315271 0.5319908405172413 0.602216748768473 0.5289601293103449 0.5843596059113301 0.5191945043103449 0.5775862068965517
2 0.6791487068965518 0.9224137931034483 0.6791487068965518 0.937807881773399 0.697332974137931 0.9445812807881774 0.6956492456896552 0.9291871921182268
3 0.23531788793103448 0.26354679802955666 0.25451239224137934 0.269704433497537 0.25417564655172414 0.28633004926108374 0.25720635775862066 0.3048029556650247 0.24878771551724138 0.2992610837438424 0.23733836206896552 0.29002463054187194 0.23296066810344826 0.2764778325123153
3 0.4494881465517241 0.5665024630541872 0.4639682112068965 0.5794334975369458 0.46632543103448276 0.6016009852216749 0.47103987068965514 0.6089901477832512 0.45016163793103453 0.5948275862068966 0.4441002155172414 0.5745073891625616
3 0.630657327586207 0.8756157635467982 0.6437904094827587 0.8897783251231528 0.6437904094827587 0.8990147783251232 0.6441271551724138 0.9150246305418719 0.6313308189655172 0.9020935960591133 0.6256061422413793 0.8786945812807883
