0 0.000968992248062029 0.11295681063122924 0.22080910852713181 0.09523809523809525 0.5163517441860466 0.07087486157253599 0.7065164728682171 0.05980066445182724 0.958454457364341 0.05315614617940199 0.99921875 0.05630574142529597 0.9990310077519379 0.00221483942414175 0.001574612403100789 0.0
1 0.028102784360189526 0.11238997968855788 0.03180539099526062 0.13947190250507788 0.03180539099526062 0.16587677725118483 0.04920764218009474 0.25863236289776576 0.06586937203791464 0.3628977657413677 0.08216084123222744 0.43737305348679756 0.08549318720379143 0.43737305348679756 0.08956605450236962 0.44278943805010157 0.09437944312796204 0.4617467840216656 0.09845231042654023 0.5010155721056195 0.09586048578199047 0.5138794854434665 0.07771771327014212 0.5199729180771835 0.07068276066350707 0.5179417738659445 0.06698015402843596 0.5057549085985106 0.054761552132701376 0.4468517264725796 0.031435130331753505 0.3215978334461747 0.004776362559241656 0.18009478672985782 0.0007034952606634566 0.17061611374407584 0.0003332345971563476 0.1117129316181449
1 0.19472008293838858 0.0941096817874069 0.20212529620853079 0.1076506431956669 0.2080494668246445 0.13608666215301288 0.21212233412322273 0.15639810426540285 0.21619520142180093 0.16926201760324983 0.219897808056872 0.18686526743398782 0.24100266587677727 0.3202437373053487 0.2521104857819905 0.38794854434664866 0.26581013033175355 0.4441435341909276 0.2887662914691943 0.5247122545700745 0.29580124407582936 0.5335138794854435 0.318387144549763 0.5159106296547055 0.3291247037914692 0.47596479350033855 0.325051836492891 0.46106973595125256 0.3043172393364929 0.47596479350033855 0.27580716824644547 0.36696005416384564 0.2476673578199052 0.15775220040622887 0.24618631516587675 0.11712931618144888 0.24470527251184832 0.1015572105619499 0.25062944312796204 0.09207853757616791
1 0.48204235781990523 0.07447528774542993 0.4975933056872037 0.08733920108327692 0.5057390402843602 0.1103588354773189 0.5209197274881516 0.14218009478672985 0.5246223341232227 0.16655382532159785 0.5316572867298578 0.25524712254570076 0.5398030213270142 0.3392010832769127 0.5479487559241706 0.3953960731211916 0.5634997037914691 0.4529451591062966 0.5790506516587677 0.5023696682464455 0.5931205568720379 0.5294515910629655 0.6031175947867299 0.5321597833446174 0.6179280213270142 0.5226811103588356 0.6357005331753555 0.4793500338524036 0.6412544431279621 0.4576844955991876 0.6371815758293838 0.4482058226134056 0.6323681872037914 0.4468517264725796 0.6249629739336492 0.4529451591062966 0.6190388033175356 0.46784021665538256 0.6049688981042654 0.5044008124576845 0.5953421208530806 0.4854434664861205 0.5849748222748815 0.45633039945836157 0.5690536137440758 0.40487474610697366 0.5586863151658767 0.35341909275558564 0.5460974526066351 0.2200406228842248 0.5435056279620853 0.13202437373053486 0.5472082345971564 0.1056194989844279 0.5442461492890994 0.06702775897088695
1 0.7834345379146919 0.05822613405551795 0.7930613151658767 0.08598510494245093 0.800466528436019 0.13270142180094788 0.8052799170616114 0.15436696005416387 0.8112040876777252 0.2877454299255247 0.8163877369668248 0.37779282329045366 0.8230524289099528 0.40419769803656064 0.848230154028436 0.4888287068381855 0.8641513625592419 0.5274204468517265 0.8800725710900474 0.5443466486120515 0.8993261255924171 0.5314827352742045 0.9285767180094787 0.4705484089370346 0.9233930687203792 0.45903859174001355 0.9148770734597157 0.4685172647257955 0.902658471563981 0.48341232227488157 0.8867372630331755 0.5165876777251185 0.878221267772512 0.5030467163168585 0.8623000592417063 0.4685172647257955 0.8463788507109005 0.41570751523358157 0.8337899881516588 0.3703452945159107 0.8274955568720379 0.25524712254570076 0.8249037322274881 0.17467840216655384 0.8267550355450238 0.12457684495599188 0.8352710308056872 0.1096817874069059 0.8386033767772512 0.09343263371699391 0.8400844194312796 0.08598510494245093 0.8411952014218009 0.07244414353419093 0.844527547393365 0.061611374407582936 0.8508219786729858 0.05348679756262695
2 0.06549911137440753 0.46987136086662157 0.09289840047393359 0.4583615436696005 0.08919579383886252 0.4414353419092756 0.08179058056872032 0.4346648612051456 0.06475859004739332 0.44211238997968855 0.059945201421800896 0.4685172647257955
2 0.3032064573459715 0.47799593771157756 0.29839306872037913 0.4901828029790115 0.3065388033175355 0.5050778605280976 0.32579235781990523 0.4895057549085985 0.3298652251184834 0.47799593771157756 0.325051836492891 0.4576844955991876
2 0.6175577606635071 0.4685172647257955 0.6249629739336492 0.48138117806364256 0.6386626184834123 0.46784021665538256 0.6419949644549763 0.45633039945836157 0.634219490521327 0.44549763033175355 0.6234819312796208 0.4529451591062966
2 0.9048800355450238 0.48341232227488157 0.9100636848341234 0.49492213947190256 0.9289469786729858 0.4752877454299256 0.9248741113744077 0.45633039945836157 0.9063610781990523 0.46987136086662157
3 0.07068276066350707 0.5071090047393365 0.09586048578199047 0.49424509140148953 0.09623074644549759 0.5098171970209886 0.0766069312796208 0.5192958700067705
3 0.2832123815165877 0.5084631008801626 0.29209863744075826 0.5301286391333785 0.29950385071090047 0.5308056872037915 0.31912766587677727 0.5186188219363576 0.29950385071090047 0.5192958700067705 0.29135811611374407 0.5145565335138795 0.3002443720379147 0.4955991875423155
3 0.6005257701421801 0.5010155721056195 0.5908989928909952 0.5165876777251185 0.5916395142180094 0.5247122545700745 0.5997852488151658 0.5321597833446174 0.607190462085308 0.5274204468517265 0.6160767180094786 0.5220040622884226 0.6057094194312795 0.5186188219363576 0.6020068127962085 0.5104942450914015 0.6068202014218009 0.5037237643872715
3 0.8804428317535546 0.5091401489505756 0.8697052725118484 0.5233581584292485 0.8697052725118484 0.5314827352742045 0.8745186611374407 0.5416384563303994 0.8815536137440759 0.5429925524712255 0.8878480450236967 0.5368991198375085 0.8996963862559243 0.5314827352742045 0.8885885663507109 0.5267433987813135 0.88229413507109 0.5247122545700745 0.8874777843601895 0.5165876777251185
