0 0.000968992248062029 0.31672203765227025 0.3092296511627907 0.13399778516057587 0.5575339147286822 0.0011074197120708748 0.8288517441860463 0.0011074197120708748 0.3934108527131783 0.22148394241417496 0.14510658914728686 0.3610188261351052 0.0003633720930232693 0.44739756367663347
1 0.0017631322957198307 0.7509727626459145 0.02182636186770427 0.7815453029460813 0.026386186770427998 0.7871039466370207 0.027906128404669245 0.7654252362423569 0.02942607003891049 0.7537520844913841 0.03702577821011672 0.7420789327404115 0.04280155642023345 0.7437465258476932 0.0437135214007782 0.7537520844913841 0.043409533073929946 0.7954419121734297 0.037329766536964966 0.8104502501389662 0.028514105058365748 0.8226792662590328 0.022738326848249016 0.8204558087826571 0.0002431906614785854 0.7937743190661479 0.0008511673151750835 0.7654252362423569
1 0.09691147859922179 0.38910505836575876 0.11940661478599221 0.4207893274041134 0.1297422178988327 0.4357976653696498 0.14068579766536965 0.4663702056698166 0.16956468871595332 0.5503057254030017 0.18233219844357978 0.5819899944413564 0.19509970817120623 0.6058921623123957 0.22549854085603113 0.6436909394107838 0.25042558365758755 0.6681489716509172 0.25954523346303504 0.6675931072818232 0.27140077821011677 0.6464702612562535 0.2774805447470817 0.5975541967759868 0.27960846303501946 0.5669816564758199 0.27596060311284043 0.5558643690939411 0.269272859922179 0.5608671484157866 0.2638010700389105 0.5703168426903836 0.2604571984435798 0.5931072818232352 0.2555933852140078 0.6386881600889384 0.23735408560311283 0.622568093385214 0.21820282101167315 0.6031128404669261 0.20209143968871596 0.5775430794886048 0.193579766536965 0.5586436909394108 0.17807636186770429 0.5102834908282379 0.16105301556420232 0.46247915508615905 0.14828550583657588 0.41300722623679825 0.14068579766536965 0.3807670928293497 0.1446376459143969 0.35908838243468594
1 0.3446619649805448 0.2484713729849917 0.35590953307393 0.26792662590327965 0.36563715953307396 0.2934963868816009 0.3717169260700389 0.29905503057254035 0.3878283073929961 0.36353529738743745 0.4094114785992217 0.4480266814897165 0.4179231517509727 0.47304057809894384 0.43829036964980544 0.5136186770428016 0.4668652723735408 0.5586436909394108 0.47841682879377434 0.5697609783212896 0.4875364785992217 0.5692051139521956 0.5164153696498055 0.5214007782101168 0.5273589494163424 0.4974986103390773 0.5227991245136187 0.4891606448026682 0.5182392996108949 0.4941634241245137 0.49422422178988323 0.5308504724847137 0.4848005836575875 0.5264035575319622 0.46200145914396884 0.4952751528627015 0.44011429961089493 0.4535853251806559 0.4288667315175097 0.42579210672595885 0.3872203307392996 0.2506948304613674 0.3902602140077821 0.2217898832684825
1 0.5987962062256809 0.11117287381878822 0.6139956225680934 0.12618121178432462 0.6234192607003891 0.15341856586992775 0.6291950389105059 0.17231795441912176 0.6389226653696498 0.23346303501945528 0.652602140077821 0.3168426903835464 0.6605058365758755 0.3451917732073374 0.6918166342412452 0.4118954974986104 0.7188715953307393 0.4508060033351862 0.7337670233463035 0.44080044469149526 0.7626459143968871 0.39633129516397997 0.77602140077821 0.36575875486381326 0.7708535992217899 0.358532518065592 0.7574781128404668 0.3746525847693163 0.733159046692607 0.4113396331295164 0.7243433852140078 0.41022790439132856 0.7054961089494164 0.3785436353529739 0.6772251945525292 0.32128960533629797 0.6699294747081712 0.3001667593107282 0.6516901750972763 0.17676486937187327 0.6459143968871596 0.12618121178432462 0.6456104085603113 0.10728182323513064 0.6535141050583657 0.08171206225680934
1 0.8757295719844358 0.0011117287381878821 0.8830252918287937 0.013896609227348528 0.8884970817120623 0.032795997776542525 0.8930569066147861 0.07670928293496387 0.9009606031128404 0.16120066703724292 0.9055204280155642 0.20678154530294607 0.9146400778210116 0.23457476375764316 0.9523346303501945 0.29571984435797666 0.9727018482490273 0.3179544191217343 0.9872932879377432 0.3129516397998888 0.99921875 0.29433628438563425 0.99921875 0.25514174541411894 0.9927650778210116 0.2690383546414675 0.9790856031128404 0.2818232351306282 0.9578064202334631 0.2607003891050584 0.9374392023346303 0.22734852695942193 0.9249756809338521 0.2040022234574764 0.9195038910505836 0.1851028349082824 0.9167679961089494 0.16064480266814898 0.908864299610895 0.05892162312395776 0.9061284046692608 0.0027793218454697055
2 0.028119202226345084 0.7696793002915453 0.03362708719851577 0.7710045056983833 0.04420802411873841 0.7543069175722238 0.04362824675324676 0.7439703153988869 0.03710575139146568 0.7415849456665783 0.02869897959183674 0.754836999734959
2 0.2614795918367347 0.584680625496952 0.2695964749536178 0.5899814471243043 0.27945269016697594 0.5738139411608799 0.2795976345083488 0.5677179962894249 0.275974025974026 0.5555261065465148 0.26800208719851576 0.560826928173867 0.2636537569573284 0.5701033660217334
2 0.5033916975881262 0.5202756427246223 0.5091894712430427 0.5316724092234296 0.5164366883116884 0.5202756427246223 0.5268726808905381 0.49854227405247814 0.5217996289424861 0.4884707129605089 0.5180310760667904 0.4921812880996555 0.5081748608534323 0.5117943281208588
2 0.7560296846011132 0.38245428041346413 0.7558847402597403 0.39014047177312483 0.7608128478664193 0.3967664988073151 0.7660308441558442 0.389345348529022 0.7761769480519481 0.3646965279618341 0.7713937847866419 0.35966074741584947 0.7682050092764379 0.3578054598462762 0.7570442949907237 0.37821362311158235
3 0.024785482374768093 0.7895573813941161 0.016378710575139146 0.8075801749271138 0.01710343228200371 0.8160614895308773 0.02420570500927644 0.8221574344023324 0.02927875695732839 0.818976941425921 0.03971474953617811 0.8043996819507024 0.028554035250463822 0.8017492711370263 0.026669758812615955 0.7945931619401008 0.024785482374768093 0.7884972170686457 0.025220315398886826 0.7887622581500133
3 0.2545320404721754 0.6391231028667791 0.2447828836424958 0.6567092266923633 0.24451939291736932 0.6624909660322814 0.2512384064080945 0.6682727053721995 0.2572986930860034 0.6682727053721995 0.2629637436762226 0.6617682486147917 0.27126370151770657 0.6465911828475066 0.2640177065767285 0.6482775234883161 0.25611298482293426 0.6446639364008673 0.25505902192242835 0.6408094435075886
3 0.48666736930860033 0.530233678631655 0.47283410623946037 0.5497470489038786 0.4712531618887016 0.560828715972055 0.47797217537942666 0.5678149843411227 0.48429595278246207 0.5685377017586124 0.4904879848229343 0.5615514333895447 0.48469118887015183 0.5538424476029873 0.48521817032040476 0.5468561792339196 0.493122892074199 0.5345699831365937
3 0.7245994940978078 0.4105034931341846 0.7127424114671164 0.42929414598891835 0.7111614671163575 0.43941218983377506 0.7184074620573356 0.4463984582028427 0.7247312394603711 0.44856661045531204 0.7340851602023609 0.43941218983377506 0.7292105817875212 0.430498675018068 0.7318454890387859 0.4133943628041436
3 0.9766283726812818 0.27945073476270776 0.9685919055649241 0.2984822934232715 0.9662204890387859 0.312213924355577 0.9742569561551434 0.3167911346663455 0.9853235666104554 0.3143820766080463 0.9878267284991569 0.30860033726812813 0.9830838954468802 0.29872319922910145 0.9808442242833053 0.28017345218019757
