0 0.6859253875968992 0.0033222591362126242 0.998425387596899 0.10963455149501661 0.9990310077519379 0.2026578073089701 0.40067829457364346 0.0011074197120708748
1 0.8626731530343008 0.14700339238597815 0.863497691292876 0.23181304183942705 0.8847295514511874 0.2468903128533735 0.8958608179419525 0.24575951752732758 0.9104963720316622 0.21635883905013195 0.9344079815303431 0.17414248021108178 0.9399736147757256 0.18130418394270637 0.9469821899736148 0.20429702223897472 0.9360570580474933 0.22691292875989444 0.9164742744063326 0.2649830380701093 0.9012203166226913 0.28006030908405577 0.8898829155672823 0.28232189973614774 0.8758657651715038 0.2744063324538259 0.8641160949868073 0.2638522427440633 0.8538093667546175 0.24500565397663024 0.8468007915567283 0.21786656615152655 0.8476253298153035 0.1413494157557482
1 0.6629287598944591 0.03279306445533358 0.6684943931398417 0.07048624199019977 0.6660207783641161 0.11684885035808518 0.6674637203166227 0.16509611760271392 0.6775643139841689 0.19449679607990955 0.6919937335092349 0.20580474934036938 0.7095151715039578 0.21598190727478328 0.7220893799472295 0.21183565774594798 0.7437335092348285 0.17640407086317378 0.7635224274406333 0.13230305314738033 0.7536279683377309 0.10441010177157935 0.7503298153034301 0.1017715793441387 0.7418782981530343 0.1194873727855258 0.7138439973614775 0.1730116848850358 0.703125 0.1771579344138711 0.6812747361477572 0.1658499811534112 0.6831299472295514 0.08594044477949492 0.6998268469656992 0.07500942329438372 0.7078660949868074 0.0652091971353185 0.6944673482849604 0.044854881266490766
1 0.4941045514511873 0.022615906520919712 0.4784383245382585 0.11194873727855259 0.48874505277044855 0.12363362231436109 0.5019376649076517 0.1176027139087825 0.5429584432717678 0.061439879381831895 0.5485240765171504 0.0682246513381078 0.5551203825857519 0.09121748963437618 0.5505854221635884 0.10365623822088202 0.5128627968337731 0.1522804372408594 0.5000824538258575 0.16170373162457596 0.48895118733509235 0.15868827742178665 0.4759647097625329 0.1375800980022616 0.4629782321899736 0.09913305691669808 0.4644211741424802 0.07651715039577836 0.474934036939314 0.02186204297022239 0.4757585751978892 0.008669430833019224 0.4703990765171504 0.002638522427440633 0.5013192612137203 0.004523181304183942
1 0.34321405013192613 0.0003769317753486619 0.3520778364116095 0.02035431586882774 0.3485735488126649 0.029023746701846962 0.31724109498680736 0.08217112702600829 0.30775890501319264 0.09536373916321145 0.29600923482849606 0.10290237467018469 0.28796998680738783 0.09724839803995478 0.2762203166226913 0.07689408217112703 0.26735653034300794 0.054278175650207316 0.26611972295514513 0.03279306445533358 0.2723037598944591 0.0003769317753486619 0.29662763852242746 0.0 0.29106200527704484 0.02638522427440633 0.2852902374670184 0.06294760648322655 0.29394788918205805 0.05917828872973992 0.3007503298153034 0.04862419901997739 0.314561345646438 0.024877497173011683 0.32713555408970973 0.0007538635506973238 0.34548153034300794 0.0003769317753486619
2 0.32734168865435354 0.0018846588767433095 0.34280178100263853 0.0003769317753486619 0.3520778364116095 0.0207312476441764 0.3481612796833773 0.03279306445533358
2 0.5384234828496042 0.07048624199019977 0.5514099604221636 0.10629476064832265 0.5561510554089709 0.08857896720693555 0.5483179419525066 0.06784771956275915 0.5441952506596306 0.061439879381831895
2 0.7455887203166227 0.11232566905390123 0.7499175461741425 0.12250282698831512 0.7602242744063324 0.1413494157557482 0.7647592348284961 0.13267998492272898 0.7542463720316623 0.10365623822088202 0.7482684696569921 0.09837919336600075
2 0.9294607519788919 0.18356577459479834 0.9335834432717679 0.19148134187712024 0.9432717678100264 0.2088202035431587 0.9469821899736148 0.20429702223897472 0.9401797493403693 0.1790425932906144 0.9337895778364116 0.17376554843573314
3 0.07688819261213721 0.019223520542781758 0.06719986807387864 0.023369770071617037 0.06080969656992084 0.028646814926498305 0.06616919525065963 0.04787033546928006 0.0775065963060686 0.06445533358462119 0.08616424802110818 0.06370147003392386 0.07379617414248021 0.03015454202789295
3 0.28879452506596304 0.06445533358462119 0.28157981530343007 0.06068601583113457 0.2729221635883905 0.06596306068601583 0.28673317941952503 0.09762532981530343 0.3023994063324538 0.10064078401809273 0.28632091029023743 0.07350169619298907
3 0.4951352242744063 0.12287975876366379 0.49060026385224276 0.12777987184319636 0.48421009234828494 0.12137203166226913 0.48194261213720313 0.1285337353938937 0.48297328496042213 0.15001884658876743 0.4947229551451187 0.16094986807387862 0.5042051451187335 0.15868827742178665 0.4980211081794195 0.13079532604598568
3 0.7159053430079155 0.1711270260082925 0.7099274406332453 0.1771579344138711 0.7006513852242744 0.1779117979645684 0.7025065963060686 0.1929890689785149 0.7070415567282322 0.21447418017338862 0.7136378627968337 0.21409724839803995 0.722707783641161 0.20731247644176404 0.7138439973614775 0.17828872973991708
3 0.8981282981530343 0.23935167734640028 0.8915319920844327 0.24802110817941952 0.8836988786279683 0.24802110817941952 0.8859663588390502 0.25857519788918204 0.8900890501319261 0.28382962683754237 0.8997773746701847 0.2819449679607991 0.9069920844327177 0.2751601960045232 0.9012203166226913 0.24764417640407085
