0 0.11189516129032262 0.9984639016897079 0.3210685483870968 0.5775729646697388 0.4907594086021505 0.25345622119815664 0.632648962906407 -4.0602442043434296e-17 0.7108534946236559 0.0 0.4899193548387097 0.3978494623655913 0.2664650537634409 0.8233486943164361 0.17588054698000674 0.9985714285714286
1 0.2907774390243903 0.7756097560975611 0.3140243902439025 0.788850174216028 0.3269817073170732 0.8 0.3403201219512195 0.8167247386759583 0.379954268292683 0.8885017421602788 0.3978658536585366 0.9121951219512197 0.41692073170731714 0.9191637630662022 0.44321646341463417 0.9226480836236934 0.46150914634146345 0.9135888501742162 0.47179878048780494 0.896864111498258 0.47133070570570573 0.8665808665808666 0.45608108108108103 0.7726297726297727 0.45138888888888884 0.7666237666237665 0.4415352852852853 0.779064779064779 0.4396584084084084 0.7893607893607893 0.45326576576576577 0.873015873015873 0.4544388138138138 0.8987558987558987 0.42863175675675674 0.8996138996138996 0.41619744744744747 0.8957528957528956 0.40822072072072074 0.8893178893178894 0.38405593093093093 0.8515658515658515 0.35097597597597596 0.7975117975117975 0.33619557057057053 0.7623337623337623 0.326341966966967 0.7374517374517375 0.3239958708708709 0.7052767052767053
1 0.4584271771771772 0.46160446160446156 0.47250375375375375 0.4641784641784642 0.48212274774774777 0.4744744744744745 0.49338400900900903 0.4877734877734878 0.5081644144144144 0.5113685113685114 0.536082957957958 0.5628485628485628 0.5588400900900901 0.6027456027456027 0.5766704204204205 0.625053625053625 0.5963776276276276 0.6379236379236379 0.6149117867867868 0.6490776490776491 0.6343843843843844 0.6550836550836551 0.6444725975975976 0.6473616473616474 0.6562030780780781 0.6194766194766195 0.6578453453453453 0.5156585156585156 0.652683933933934 0.5126555126555127 0.6461148648648648 0.51994851994852 0.6404842342342343 0.5306735306735307 0.6390765765765766 0.5392535392535392 0.6390765765765766 0.6194766194766195 0.6374343093093093 0.6216216216216216 0.6184309309309309 0.6177606177606177 0.6020082582582582 0.6061776061776062 0.5837087087087087 0.5924495924495925 0.5717436186186186 0.5714285714285714 0.5482826576576576 0.5298155298155298 0.4971377627627628 0.42985842985842987 0.4898648648648648 0.3951093951093951 0.4896302552552553 0.3873873873873874
1 0.6332113363363363 0.14285714285714285 0.6493993993993994 0.1402831402831403 0.6606606606606606 0.1407121407121407 0.6733295795795795 0.15186615186615185 0.6834177927927928 0.1716001716001716 0.7017173423423423 0.20806520806520803 0.7261167417417418 0.2548262548262548 0.7420701951951952 0.2887172887172887 0.7582582582582582 0.3058773058773059 0.7995495495495495 0.32518232518232515 0.8255912162162161 0.3316173316173316 0.8424831081081081 0.30158730158730157 0.8476445195195195 0.23080223080223078 0.848582957957958 0.17546117546117546 0.8410754504504505 0.1758901758901759 0.8321602852852852 0.18747318747318745 0.831691066066066 0.21407121407121407 0.8277027027027026 0.296010296010296 0.8244181681681682 0.30416130416130416 0.7793731231231231 0.28614328614328616 0.7617774024024023 0.27456027456027454 0.7366741741741742 0.22651222651222652 0.6946790540540541 0.1407121407121407 0.6815409159159158 0.10939510939510938 0.675441066066066 0.08408408408408409 0.6735641891891893 0.06263406263406263
2 0.4427083333333333 0.8015873015873015 0.4466145833333333 0.7972222222222222 0.4559461805555555 0.7773809523809523 0.4565972222222222 0.7706349206349207 0.4507378472222222 0.7666666666666666 0.4407552083333333 0.7789682539682539 0.43967013888888884 0.7916666666666666
2 0.6397569444444444 0.5488095238095237 0.6475694444444444 0.5496031746031746 0.6571180555555556 0.5277777777777778 0.6577690972222222 0.515079365079365 0.6534288194444444 0.5123015873015873 0.6458333333333333 0.5202380952380953 0.6393229166666666 0.5337301587301587
2 0.8309461805555556 0.2138888888888889 0.8409288194444444 0.21428571428571427 0.8487413194444444 0.1876984126984127 0.8485243055555556 0.1757936507936508 0.841579861111111 0.175 0.831814236111111 0.18928571428571428
3 0.4505208333333333 0.896031746031746 0.4483506944444445 0.9115079365079365 0.4516059027777778 0.9182539682539682 0.46072048611111105 0.911904761904762 0.4676649305555555 0.9031746031746031 0.4715711805555555 0.8940476190476191 0.4715711805555555 0.8817460317460317 0.4624565972222222 0.8916666666666666 0.4555121527777778 0.8928571428571429 0.4526909722222222 0.8964285714285715
3 0.634548611111111 0.6226190476190476 0.6310763888888888 0.6444444444444444 0.6330295138888888 0.6527777777777778 0.6447482638888888 0.6476190476190475 0.6484375 0.6353174603174603 0.6551649305555556 0.6186507936507937 0.6469184027777778 0.621031746031746 0.6397569444444444 0.6218253968253968
3 0.8216145833333334 0.30476190476190473 0.8168402777777777 0.31785714285714284 0.8174913194444444 0.33174603174603173 0.825954861111111 0.33015873015873015 0.8335503472222221 0.3194444444444445 0.8424479166666666 0.30158730158730157 0.8428819444444444 0.292063492063492 0.8348524305555556 0.30238095238095236 0.8268229166666666 0.30396825396825394
