0 0.2147529069767442 0.0011074197120708748 0.4273255813953488 0.05758582502768549 0.7767684108527132 0.16168327796234774 0.998425387596899 0.24031007751937986 0.9990310077519379 0.3599114064230343 0.6974321705426356 0.26356589147286824 0.3861434108527132 0.17386489479512734 0.09786821705426357 0.09413067552602437 0.0 0.06668297223297937 0.000968992248062029 0.0033222591362126242 0.08575581395348839 0.00221483942414175
1 0.043893551236749116 0.07470974255426553 0.053279593639575976 0.09237758707723373 0.05659231448763251 0.1171125694093892 0.05189929328621908 0.13175164058556285 0.052451413427561835 0.1504290762241292 0.05465989399293286 0.16456335184250379 0.05521201413427562 0.1872791519434629 0.050242932862190816 0.37354871277132756 0.050242932862190816 0.39475012619888944 0.05631625441696113 0.42907622412922763 0.06487411660777384 0.47046945986875316 0.07370803886925795 0.5047955577990914 0.08309408127208481 0.5295305401312468 0.11180432862190812 0.5330641090358404 0.12422703180212014 0.5159010600706714 0.14907243816254417 0.4507824331145886 0.1573542402826855 0.4300858152448258 0.1573542402826855 0.42049469964664316 0.14686395759717313 0.41039878849066125 0.12892005300353357 0.40837960625946496 0.123398851590106 0.41039878849066125 0.11511704946996466 0.4331145885916204 0.10020980565371025 0.4729934376577486 0.0908237632508834 0.4321049974760222 0.0844743816254417 0.3902069661786976 0.08613074204946997 0.32357395254921756 0.09330830388692579 0.14740030287733466 0.09662102473498232 0.11862695608278646 0.0982773851590106 0.08884401817264008 0.10048586572438163 0.07975769813225643 0.05742049469964664 0.0691569914184755
1 0.3398299469964664 0.1574962140333165 0.34783568904593637 0.19535588086824837 0.34479902826855124 0.21403331650681473 0.34590326855123676 0.24129227662796568 0.3340326855123675 0.42806663301362946 0.3334805653710247 0.45936395759717313 0.339553886925795 0.5113579000504795 0.3500441696113074 0.558303886925795 0.3605344522968198 0.6012115093387178 0.3696444346289752 0.618879353861686 0.3980786219081272 0.6183745583038869 0.40801678445229683 0.6047450782433115 0.4331382508833922 0.563351842503786 0.45080609540636046 0.5290257445734478 0.448321554770318 0.5179202423018677 0.44114399293286216 0.5128722867238769 0.4232000883392226 0.5113579000504795 0.41381404593639576 0.5204442200908632 0.38731227915194344 0.5754669358909641 0.3793065371024735 0.5477031802120141 0.3668838339222615 0.4815749621403332 0.36798807420494695 0.4275618374558304 0.3837234982332155 0.209994952044422 0.3909010600706714 0.17667844522968199 0.3939377208480565 0.16153457849570924 0.3481117491166078 0.15093387178192832
1 0.6399072438162544 0.24331145885916203 0.6443242049469965 0.2604745078243311 0.652053886925795 0.2796567390206966 0.6542623674911661 0.3099444724886421 0.6537102473498233 0.33821302372539125 0.6401833038869258 0.46037354871277136 0.6360424028268551 0.5058051489146895 0.635214222614841 0.5239777889954568 0.6363184628975265 0.5572942958101968 0.6515017667844523 0.6254416961130742 0.6655808303886925 0.6718828874305907 0.6757950530035336 0.6834931852599697 0.6920825971731449 0.6865219586067642 0.7039531802120141 0.6870267541645633 0.7191364840989399 0.6739020696617869 0.7594412544169611 0.6229177183240787 0.7729681978798586 0.6007067137809187 0.7679991166077739 0.5921251892983342 0.7500552120141343 0.5840484603735486 0.7406691696113075 0.596668349318526 0.7144434628975265 0.6314992428066633 0.6964995583038869 0.6532054517920243 0.6890459363957597 0.6648157496214033 0.6829726148409894 0.6405855628470469 0.668065371024735 0.580010095911156 0.6628202296819788 0.5507319535588087 0.6630962897526501 0.5113579000504795 0.6788317137809188 0.3725391216557294 0.6887698763250883 0.2907622412922766 0.6887698763250883 0.2756183745583039 0.7025728798586572 0.2523977788995457 0.7011925795053003 0.23523472993437658 0.6531581272084805 0.2236244321049975
2 0.1145649293286219 0.4351337708228168 0.12312279151943462 0.4563351842503786 0.14907243816254417 0.4543160020191822 0.158458480565371 0.42857142857142855 0.158458480565371 0.419989904088844 0.1471400176678445 0.41039878849066125 0.1247791519434629 0.4078748107016658
2 0.4093970848056537 0.5330641090358404 0.4162985865724382 0.547198384654215 0.4419721731448763 0.5487127713276123 0.4519103356890459 0.5270065623422514 0.448321554770318 0.5153962645128722 0.423476148409894 0.5113579000504795
2 0.7381846289752649 0.6002019182231196 0.7453621908127208 0.6153457849570924 0.7616497349823321 0.619384149419485 0.7735203180212014 0.6007067137809187 0.768827296819788 0.5901060070671378 0.7492270318021201 0.5850580514891469
3 0.08060954063604239 0.4886420999495204 0.07260379858657243 0.5017667844522968 0.07895318021201413 0.5199394245330641 0.0844743816254417 0.5285209490156486 0.11180432862190812 0.5310449268046441 0.12367491166077738 0.5174154467440686 0.09938162544169611 0.5123674911660777 0.09524072438162544 0.4957092377587077 0.10103798586572439 0.47147905098435133
3 0.3856559187279152 0.5729429581019687 0.36605565371024734 0.5764765270065623 0.35722173144876324 0.5875820292781423 0.3602583922261484 0.5996971226653205 0.3632950530035336 0.6108026249369005 0.37350927561837455 0.6153457849570924 0.3909010600706714 0.6168601716304897 0.3989068021201413 0.6173649671882887 0.40415194346289757 0.607773851590106 0.38427561837455826 0.6062594649167087 0.38234319787985865 0.5875820292781423 0.38731227915194344 0.5774861181221604
3 0.6843529151943463 0.6521958606764261 0.6716541519434629 0.6542150429076224 0.663648409893993 0.6668349318525997 0.670273851590106 0.6774356385663807 0.6752429328621907 0.6845027763755679 0.6815923144876325 0.6870267541645633 0.7011925795053003 0.6885411408379607 0.7122349823321554 0.6819787985865724 0.6937389575971731 0.6749116607773851 0.6887698763250883 0.6612821807168097
3 0.9954726148409894 0.763250883392226 0.9855344522968197 0.768803634528016 0.9808414310954063 0.7799091367995962 0.9860865724381626 0.7900050479555779 0.9927120141342757 0.7970721857647652 0.9990613957597173 0.7975769813225644 0.9985092756183744 0.7698132256436143
1 0.9547464622641509 0.3470350404312668 0.9639593160377359 0.38544474393531 0.9680129716981132 0.4164420485175202 0.9632222877358491 0.46698113207547165 0.94921875 0.5700808625336927 0.945533608490566 0.6253369272237196 0.9470076650943395 0.6617250673854447 0.9554834905660379 0.7035040431266846 0.9753832547169811 0.7735849056603773 0.9886497641509434 0.795822102425876 0.9989681603773585 0.799865229110512 0.9985996462264151 0.7641509433962264 0.9941774764150944 0.7513477088948787 0.9720666273584906 0.6778975741239891 0.9691185141509434 0.6529649595687331 0.9742777122641509 0.5862533692722371 0.9989681603773585 0.4009433962264151 0.9989681603773585 0.35646900269541776 0.9739091981132075 0.3376010781671159
