0 0.0012500000000000011 0.6472222222222223 0.13 0.5438888888888889 0.368125 0.35055555555555556 0.6275 0.15166666666666667 0.8460743613138686 0.0 0.99921875 0.0027636791590719364 0.99921875 0.08611111111111111 0.5712499999999999 0.36277777777777775 0.3125 0.5394444444444444 0.15 0.655 0.0 0.7691289437585733
1 0.012285786290322582 0.7570564516129031 0.008505544354838709 0.7744175627240142 0.025516633064516132 0.9093862007168458 0.03811743951612903 0.9967517921146953 0.006615423387096775 0.997871863799283 0.0012600806451612905 0.9469086021505376 0.0009450604838709678 0.7576164874551972
1 0.10364163306451613 0.685931899641577 0.11466733870967742 0.7072132616487454 0.12852822580645162 0.7357750896057348 0.13766381048387097 0.8259408602150538 0.1467993951612903 0.9138664874551972 0.14963457661290322 0.9396281362007168 0.14207409274193547 0.9289874551971327 0.13356854838709678 0.9289874551971327 0.1212827620967742 0.9362679211469535 0.11624243951612903 0.9457885304659497 0.11876260080645162 0.9592293906810035 0.12915826612903225 0.997871863799283 0.1770413306451613 0.9967517921146953 0.1770413306451613 0.9407482078853046 0.1716859879032258 0.8785842293906809 0.1559349798387097 0.728494623655914 0.15814012096774194 0.6932123655913978 0.1521547379032258 0.6590501792114695 0.1546748991935484 0.6484094982078853
1 0.25863155241935487 0.5733646953405018 0.2661920362903226 0.6064068100358422 0.2734375 0.6383288530465949 0.28131300403225806 0.6848118279569891 0.2967489919354839 0.8080197132616487 0.3084047379032258 0.8948252688172043 0.30493951612903225 0.902665770609319 0.30588457661290325 0.9189068100358423 0.31722530241935487 0.986671146953405 0.322265625 0.997871863799283 0.3361265120967742 0.9984318996415771 0.35187752016129037 0.9911514336917563 0.35061743951612906 0.9749103942652328 0.3210055443548387 0.7419354838709676 0.30777469758064513 0.6293682795698925 0.3084047379032258 0.601366487455197 0.3099798387096774 0.57168458781362 0.3087197580645161 0.5543234767025089 0.3125 0.5386424731182795
1 0.49921875 0.3972222222222222 0.507421875 0.4048611111111111 0.522265625 0.4423611111111111 0.5421875 0.47847222222222224 0.546484375 0.5090277777777777 0.555859375 0.6069444444444444 0.570703125 0.7208333333333333 0.58125 0.7888888888888889 0.593359375 0.8409722222222222 0.608203125 0.8861111111111111 0.619921875 0.8923611111111112 0.63671875 0.8881944444444444 0.63984375 0.86875 0.64453125 0.775 0.64453125 0.7493055555555556 0.638671875 0.7375 0.62265625 0.7416666666666667 0.617578125 0.7527777777777778 0.61328125 0.8166666666666667 0.60625 0.7993055555555556 0.59609375 0.7520833333333333 0.584765625 0.6576388888888889 0.57265625 0.5319444444444444 0.569140625 0.4527777777777778 0.5703125 0.40347222222222223 0.56328125 0.37569444444444444 0.565234375 0.3597222222222222
1 0.79453125 0.20902777777777778 0.8046875 0.22291666666666668 0.816015625 0.26805555555555555 0.82734375 0.30625 0.84453125 0.42569444444444443 0.865625 0.5763888888888888 0.87890625 0.6381944444444444 0.906640625 0.7083333333333334 0.925390625 0.7506944444444444 0.940625 0.7652777777777777 0.964453125 0.75 0.969140625 0.7215277777777778 0.976171875 0.6534722222222222 0.98046875 0.5951388888888889 0.976953125 0.5798611111111112 0.96796875 0.5715277777777777 0.95625 0.5805555555555556 0.95 0.6020833333333333 0.947265625 0.6243055555555556 0.940625 0.7076388888888889 0.93359375 0.7076388888888889 0.918359375 0.6694444444444444 0.898046875 0.6180555555555556 0.891796875 0.5861111111111111 0.87421875 0.46041666666666664 0.860546875 0.35208333333333336 0.853515625 0.29305555555555557 0.85703125 0.2465277777777778 0.86171875 0.22083333333333333 0.860546875 0.18472222222222223 0.860546875 0.15902777777777777 0.861328125 0.1486111111111111
2 0.121484375 0.9722222222222222 0.149609375 0.9548611111111112 0.15 0.9381944444444444 0.13984375 0.925 0.1234375 0.9361111111111111 0.115625 0.9479166666666666
2 0.307421875 0.9215277777777777 0.34140625 0.9027777777777778 0.340234375 0.8840277777777777 0.32890625 0.8784722222222222 0.30546875 0.8951388888888889 0.303515625 0.9076388888888889
2 0.614453125 0.7736111111111111 0.625 0.7743055555555556 0.644140625 0.7638888888888888 0.645703125 0.7486111111111111 0.639453125 0.7354166666666667 0.6234375 0.7395833333333334 0.61484375 0.7520833333333333
2 0.94921875 0.6131944444444445 0.962890625 0.6208333333333333 0.981640625 0.5958333333333333 0.97578125 0.5763888888888888 0.9671875 0.5701388888888889 0.95625 0.5805555555555556 0.949609375 0.6013888888888889
3 0.3203125 0.9868055555555556 0.348828125 0.9701388888888889 0.3515625 0.9916666666666667 0.33359375 0.9986111111111111 0.32109375 0.9958333333333333
3 0.598046875 0.8548611111111111 0.604296875 0.8729166666666667 0.61171875 0.8888888888888888 0.621875 0.8902777777777777 0.637890625 0.8875 0.63984375 0.8722222222222222 0.61796875 0.8729166666666667 0.609765625 0.8604166666666667 0.6109375 0.8340277777777778
3 0.93359375 0.7048611111111112 0.918359375 0.7208333333333333 0.918359375 0.7354166666666667 0.92734375 0.7520833333333333 0.93828125 0.7597222222222222 0.944140625 0.7611111111111111 0.967578125 0.7486111111111111 0.966796875 0.7361111111111112 0.947265625 0.7375 0.937890625 0.7229166666666667
