0 0.0748546511627907 0.9977851605758581 0.2238372093023256 0.6378737541528239 0.34798934108527135 0.3433001107419712 0.45760658914728686 0.10299003322259137 0.5030281007751938 0.0011074197120708748 0.5817587209302325 0.0011074197120708748 0.4224806201550388 0.35105204872646734 0.23837209302325585 0.7718715393133997 0.14765757941009644 0.9985714285714286
1 0.2121230544747082 0.8360200111172875 0.22853842412451364 0.8337965536409117 0.24130593385214008 0.841022790439133 0.25772130350194555 0.8543635352973875 0.28538424124513617 0.8949416342412453 0.30727140077821014 0.9238465814341301 0.32915856031128404 0.9527515286270151 0.342534046692607 0.9649805447470817 0.3568214980544747 0.9705391884380211 0.3884362840466926 0.9733185102834909 0.4173151750972762 0.9677598665925515 0.4288667315175097 0.9332962757087272 0.4270428015564202 0.8893829905503058 0.4167071984435798 0.8037798777098388 0.41153939688715957 0.8071150639244025 0.4021157587548638 0.8265703168426906 0.4081955252918288 0.8810450250138966 0.41397130350194555 0.9388549193996666 0.39330009727626464 0.9421901056142302 0.35712548638132297 0.9360755975541968 0.33554231517509725 0.9182879377431907 0.2929839494163424 0.8543635352973875 0.2610651750972763 0.8082267926625903 0.25498540856031127 0.7937743190661479 0.23857003891050582 0.7726514730405781 0.23735408560311283 0.7609783212896054
1 0.4203550583657587 0.34296831573096165 0.42400291828793774 0.36409116175653145 0.4319066147859922 0.3807670928293497 0.43859435797665364 0.39799888827126184 0.47324902723735407 0.4524735964424681 0.4990880350194552 0.5047248471372985 0.5191512645914397 0.5430794886047805 0.5279669260700388 0.556420233463035 0.5705252918287937 0.5858810450250139 0.5890685797665369 0.5908838243468595 0.5930204280155642 0.5881045025013897 0.6006201361867703 0.4969427459699834 0.6091318093385214 0.47915508615897723 0.6164275291828794 0.4802668148971651 0.6133876459143969 0.5252918287937743 0.6054839494163424 0.5864369093941079 0.5936284046692607 0.6209005002779322 0.5835967898832685 0.622568093385214 0.5535019455252919 0.6070038910505837 0.5212791828793775 0.58532518065592 0.506079766536965 0.5703168426903836 0.4547057392996109 0.4752640355753196 0.42856274319066145 0.434130072262368 0.41549124513618674 0.4219010561423013 0.3878283073929961 0.4219010561423013
1 0.5507660505836576 0.06392440244580323 0.5671814202334631 0.06725958866036688 0.5839007782101168 0.06781545302946082 0.5927164396887159 0.07615341856586993 0.6155155642023347 0.1161756531406337 0.6468263618677043 0.16564758198999444 0.6668895914396887 0.1973318510283491 0.68056906614786 0.21234018899388551 0.7082320038910506 0.2217898832684825 0.7444066147859922 0.22123401889938857 0.7614299610894941 0.217342968315731 0.7754134241245136 0.17898832684824903 0.77602140077821 0.05280711506392441 0.7702456225680934 0.0500277932184547 0.7617339494163424 0.06670372429127294 0.7602140077821011 0.08004446914952752 0.7593020428015564 0.18176764869371873 0.7565661478599222 0.1928849360755976 0.7434946498054475 0.19510839355197335 0.7033681906614786 0.19010561423012787 0.6857368677042801 0.1801000555864369 0.661113813229572 0.14007782101167315 0.6212913424124513 0.07448582545858812 0.5984922178988327 0.03501945525291829 0.5927164396887159 0.027793218454697056 0.5860286964980544 0.0022234574763757642 0.5729571984435797 0.0022234574763757642
2 0.4051556420233463 0.8543635352973875 0.4118433852140077 0.8488048916064481 0.4203550583657587 0.8198999444135632 0.4173151750972762 0.8032240133407449 0.41123540856031127 0.8065591995553086 0.402419747081712 0.8276820455808783
2 0.600012159533074 0.5141745414118956 0.6079158560311284 0.5158421345191774 0.6161235408560312 0.490272373540856 0.6161235408560312 0.4797109505280712 0.6085238326848249 0.4797109505280712 0.5991001945525292 0.49972206781545303
2 0.7605179961089494 0.09116175653140633 0.7714615758754864 0.09005002779321845 0.7772373540856031 0.06559199555308505 0.7772373540856031 0.05225125069483047 0.7696376459143969 0.047804335742078936 0.7611259727626459 0.06725958866036688
3 0.5863326848249028 0.5908838243468595 0.5811648832684825 0.6108949416342413 0.582988813229572 0.6220122290161201 0.5951483463035019 0.6153418565869928 0.6015321011673151 0.5964424680377988 0.6051799610894941 0.5836575875486382 0.5921084630350195 0.584769316286826 0.5896765564202335 0.5908838243468595
3 0.7504863813229572 0.19510839355197335 0.7474464980544747 0.20900500277932188 0.7486624513618677 0.22290161200667039 0.75869406614786 0.21956642579210675 0.7656857976653696 0.2084491384102279 0.7741974708171206 0.18732629238465814 0.7757174124513619 0.1784324624791551 0.7589980544747081 0.18065591995553085 0.7544382295719844 0.1934408004446915
3 0.4079160662824207 0.939069575957184 0.40521433717579247 0.9608892548373816 0.4072406340057637 0.9695347879785919 0.41692182997118155 0.9645944833264717 0.422775576368876 0.9501852614244545 0.42862932276657056 0.9291889666529435 0.42007384726224783 0.9316591189790037 0.4133195244956772 0.9378344997941539
