0 0.003391472868217068 0.3211517165005537 0.35707364341085274 0.2081949058693245 0.6623062015503877 0.12735326688815063 0.8500484496124031 0.08970099667774085 0.99921875 0.058779865585251105 0.99921875 0.18161683277962348 0.7374031007751938 0.2347729789590255 0.41521317829457366 0.32447397563676633 0.13541666666666669 0.40863787375415284 0.0003633720930232693 0.45182724252491696
1 0.08993631516587672 0.4245091401489506 0.10437648104265398 0.44549763033175355 0.11918690758293835 0.4739336492890996 0.12881368483412317 0.5125253893026405 0.15251036729857817 0.6350710900473934 0.16139662322274878 0.6790792146242384 0.17805835308056867 0.7203791469194313 0.20730894549763032 0.7779282329045363 0.22397067535545023 0.7995937711577522 0.23322719194312796 0.7921462423832093 0.24618631516587675 0.7711577522004063 0.26766143364928907 0.7271496276235614 0.2709937796208531 0.7176709546377793 0.2669209123222749 0.7102234258632363 0.2550725710900474 0.7244414353419093 0.24470527251184832 0.7420446851726473 0.23618927725118483 0.7637102234258633 0.22545171800947866 0.7576167907921463 0.1910174763033175 0.6885578876100203 0.17768809241706157 0.6553825321597834 0.15769401658767768 0.5578876100203115 0.14288359004739332 0.4658090724441436 0.14103228672985776 0.4387271496276236 0.14029176540284355 0.4035206499661476 0.10770882701421795 0.4123222748815166
1 0.3739262440758294 0.3364928909952607 0.38836640995260663 0.3649289099526067 0.3954013625592417 0.3845633039945836 0.40243631516587675 0.4123222748815166 0.41021178909952605 0.46648612051455657 0.4250222156398104 0.5727826675693974 0.43390847156398105 0.6005416384563305 0.48722600710900466 0.6885578876100203 0.5001851303317535 0.6973595125253893 0.5205494668246444 0.6689234935680434 0.5438758886255923 0.6249153689911984 0.5535026658767772 0.5964793500338524 0.5483190165876777 0.5964793500338524 0.5309167654028435 0.6235612728503723 0.5142550355450236 0.6574136763710224 0.5035174763033174 0.6614759647935003 0.49315017772511843 0.6540284360189573 0.4690832345971564 0.6181448882870685 0.4431649881516587 0.5714285714285714 0.4353895142180094 0.5321597833446174 0.41798726303317524 0.38320920785375767 0.4172467417061611 0.3297224102911307 0.4276140402843601 0.3127962085308057
1 0.6808723341232227 0.25118483412322273 0.6904991113744076 0.2681110358835478 0.7004961492890995 0.2911306702775897 0.705679798578199 0.3209207853757617 0.7082716232227487 0.35409614082599866 0.7075311018957346 0.3933649289099526 0.705679798578199 0.46919431279620855 0.7053095379146919 0.5010155721056195 0.712344490521327 0.5348679756262695 0.7216010071090048 0.5680433310765064 0.7319683056872037 0.6039268788083955 0.7412248222748815 0.6337169939065674 0.7541839454976303 0.6459038591740014 0.770475414691943 0.6404874746106974 0.7952828791469194 0.6289776574136764 0.8115743483412323 0.6181448882870685 0.8212011255924171 0.5971563981042654 0.8141661729857821 0.5890318212593094 0.8012070497630333 0.5944482058226135 0.7715861966824644 0.6093432633716994 0.7612188981042654 0.6127285037237644 0.7508515995260663 0.6032498307379824 0.739743779620853 0.5734597156398105 0.7301170023696681 0.5396073121191605 0.7212307464454976 0.5030467163168585 0.7186389218009478 0.47731888964116453 0.7197497037914691 0.4360189573459716 0.7245630924170616 0.33175355450236965 0.7230820497630331 0.29180771834800273 0.7275251777251184 0.27420446851726477 0.7315980450236966 0.23832092078537576 0.7341898696682464 0.23628977657413677
1 0.9419061018957346 0.19025050778605282 0.9467194905213271 0.20785375761679079 0.9548652251184835 0.23155044008124576 0.960048874407583 0.2525389302640488 0.9589380924170617 0.3053486797562627 0.9570867890995262 0.36831415030467163 0.9574570497630333 0.41909275558564657 0.9596786137440759 0.4495599187542315 0.9752295616113745 0.49492213947190256 0.9915210308056872 0.5382532159783345 0.9985559834123224 0.5524712254570076 0.9989262440758294 0.4976303317535545 0.9822645142180095 0.45971563981042657 0.9707864336492891 0.4197698036560596 0.9707864336492891 0.3838862559241707 0.9744890402843602 0.28097494922139477 0.9763403436018958 0.23358158429248477 0.9830050355450238 0.2105619498984428 0.9900399881516588 0.1882193635748138 0.9926318127962086 0.17738659444820584
2 0.2476673578199052 0.7413676371022343 0.2569238744075829 0.7501692620176034 0.2695127369668246 0.7285037237643873 0.27358560426540285 0.7169939065673663 0.26766143364928907 0.7081922816519973 0.2517402251184834 0.7244414353419093
2 0.5383219786729858 0.6086662153012864 0.5309167654028435 0.6343940419769805 0.5346193720379147 0.6398104265402844 0.542394845971564 0.6249153689911984 0.5531324052132701 0.5985104942450914 0.5486892772511848 0.5958023019634394
2 0.8067609597156398 0.5917400135409615 0.7967639218009478 0.6093432633716994 0.7967639218009478 0.6276235612728503 0.8126851303317537 0.6154366960054164 0.8215713862559243 0.5924170616113745 0.8156472156398105 0.5883547731888965
3 0.22508145734597154 0.7603249830737983 0.21212233412322273 0.7792823290453623 0.2228598933649289 0.7989167230873393 0.2350784952606635 0.7874069058903183 0.2273030213270142 0.7752200406228842 0.23470823459715637 0.7610020311442113
3 0.49722304502369663 0.6594448205822614 0.48685574644549756 0.6729857819905214 0.48685574644549756 0.6878808395396074 0.4920393957345971 0.6932972241029113 0.4990743483412322 0.6973595125253893 0.5035174763033174 0.6905890318212593 0.49833382701421797 0.6723087339201084 0.5031472156398105 0.6567366283006094
3 0.7501110781990521 0.6052809749492215 0.7412248222748815 0.6174678402166555 0.7375222156398105 0.6269465132024374 0.746408471563981 0.6377792823290453 0.7541839454976303 0.6459038591740014 0.7545542061611374 0.6269465132024374 0.7608486374407583 0.6113744075829384
