0 0.0021802325581395483 0.15171650055370986 0.29106104651162795 0.08084163898117386 0.5817587209302325 0.015503875968992248 0.6529796511627908 0.0 0.99921875 0.0022083115576841295 0.99921875 0.10963455149501661 0.5920542635658915 0.17054263565891473 0.25835755813953487 0.23920265780730898 0.0003633720930232693 0.30454042081949056 -4.336808689942018e-20 0.2580287929125121
1 0.13481104651162792 0.27464008859357697 0.1487403100775194 0.3211517165005537 0.1475290697674419 0.3776301218161683 0.14995155038759692 0.5492801771871539 0.1626695736434109 0.592469545957918 0.18447189922480622 0.6256921373200443 0.20930232558139536 0.6400885935769657 0.22262596899224807 0.6146179401993356 0.2571463178294574 0.46511627906976744 0.2553294573643411 0.4374307862679956 0.232921511627907 0.42967884828349945 0.22444282945736438 0.45514950166112955 0.19113372093023256 0.5980066445182723 0.17841569767441862 0.566998892580288 0.1729651162790698 0.5492801771871539 0.17478197674418608 0.37652270210409744 0.1772044573643411 0.3266888150609081 0.18568313953488375 0.28239202657807305 0.18386627906976746 0.25802879291251385
1 0.44973352713178294 0.19712070874861573 0.46608527131782945 0.2602436323366556 0.46790213178294576 0.5049833887043189 0.47940891472868213 0.5647840531561461 0.5012112403100775 0.627906976744186 0.515140503875969 0.64562569213732 0.5466327519379844 0.64562569213732 0.5617732558139534 0.6179401993355481 0.5999273255813954 0.5005537098560354 0.593265503875969 0.49169435215946844 0.5702519379844961 0.48172757475083056 0.560562015503876 0.49612403100775193 0.5272529069767442 0.6046511627906976 0.512718023255814 0.5559246954595792 0.49939437984496127 0.5149501661129569 0.49939437984496127 0.2713178294573643 0.5012112403100775 0.2115171650055371 0.5006056201550388 0.1794019933554817
1 0.7961482558139534 0.1406423034330011 0.8167393410852712 0.15503875968992248 0.8234011627906975 0.1982281284606866 0.8258236434108527 0.2990033222591362 0.8294573643410852 0.43853820598006643 0.8355135658914727 0.477297895902547 0.8573158914728681 0.5370985603543743 0.8833575581395348 0.5880398671096345 0.9075823643410852 0.6068660022148394 0.9348352713178294 0.5968992248062015 0.9675387596899224 0.5182724252491694 0.996002906976744 0.44739756367663347 0.9851017441860463 0.43300110741971204 0.9699612403100775 0.4241417497231451 0.9578488372093024 0.4529346622369878 0.9354408914728681 0.5016611295681064 0.9148498062015504 0.5581395348837209 0.9009205426356589 0.5703211517165006 0.8639777131782944 0.47951273532668887 0.8573158914728681 0.42967884828349945 0.8536821705426355 0.26245847176079734 0.8542877906976744 0.18715393133997785 0.8561046511627906 0.12624584717607973
2 0.2238372093023256 0.4595791805094131 0.2341327519379845 0.4629014396456257 0.25472383720930236 0.4662236987818383 0.2553294573643411 0.4429678848283499 0.23473837209302326 0.42857142857142855
2 0.5599563953488372 0.5027685492801772 0.5684350775193798 0.5149501661129569 0.5968992248062015 0.5171650055370985 0.5987160852713178 0.4983388704318937 0.5866036821705427 0.4839424141749723 0.5690406976744187 0.4806201550387597
2 0.9614825581395348 0.4485049833887043 0.9717781007751937 0.4595791805094131 0.9923691860465116 0.46511627906976744 0.9953972868217054 0.45071982281284606 0.9893410852713178 0.4318936877076412 0.9693556201550386 0.42967884828349945
3 0.18992248062015507 0.593576965669989 0.17841569767441862 0.6013289036544851 0.17478197674418608 0.6179401993355481 0.2086967054263566 0.6356589147286822 0.21596414728682173 0.6190476190476191 0.19052810077519383 0.6079734219269103
3 0.5278585271317829 0.6046511627906976 0.5181686046511629 0.6190476190476191 0.5115067829457365 0.6135105204872647 0.5030281007751938 0.6301218161683277 0.5193798449612403 0.64562569213732 0.5502664728682171 0.6445182724252492 0.5284641472868217 0.627906976744186
3 0.9021317829457363 0.5714285714285714 0.8918362403100775 0.5758582502768549 0.8815406976744186 0.5825027685492802 0.9039486434108527 0.6013289036544851 0.9299903100775193 0.5991140642303433 0.9148498062015504 0.5825027685492802
