0 0.0003633720930232693 0.04983388704318937 0.484859496124031 0.14396456256921375 0.7773740310077519 0.2081949058693245 0.99921875 0.2634617879849488 0.9990310077519379 0.38759689922480617 0.6211240310077519 0.29014396456256925 0.34375 0.2292358803986711 0.05729166666666667 0.17386489479512734 0.0 0.16173456898059102
1 0.11361434108527133 0.18604651162790697 0.11785368217054266 0.22148394241417496 0.12451550387596902 0.24806201550387597 0.1305717054263566 0.3034330011074197 0.14268410852713181 0.40088593576965664 0.14995155038759692 0.4584717607973422 0.16145833333333334 0.5238095238095238 0.17599321705426357 0.5658914728682171 0.19718992248062017 0.5581395348837209 0.20148346303501946 0.5113952195664259 0.19479571984435798 0.4986103390772652 0.18415612840466927 0.5047248471372985 0.18050826848249027 0.49249583101723177 0.1616609922178988 0.3713173985547527 0.1522373540856031 0.2818232351306282 0.15193336575875488 0.245136186770428 0.15497324902723736 0.2201222901612007 0.15375729571984437 0.18899388549194
1 0.33463035019455256 0.22790439132851584 0.348613813229572 0.2506948304613674 0.35651750972762647 0.28404669260700394 0.3592534046692607 0.302390216787104 0.3629012645914397 0.4302390216787105 0.36533317120622566 0.4797109505280712 0.3689810311284047 0.5230683713173986 0.3765807392996109 0.5858810450250139 0.38296449416342415 0.6209005002779322 0.3896522373540856 0.6297943301834353 0.40849951361867703 0.6242356864924958 0.41397130350194555 0.6097832128960534 0.4227869649805447 0.5719844357976653 0.4212670233463035 0.5586436909394108 0.4167071984435798 0.5558643690939411 0.4033317120622568 0.5580878265703169 0.39968385214007784 0.5625347415230684 0.3969479571984436 0.5458588104502502 0.39117217898832685 0.4952751528627015 0.38874027237354086 0.45136186770428016 0.3863083657587549 0.3485269594219011 0.3866123540856031 0.27793218454697055 0.38934824902723736 0.26014452473596444 0.3884362840466926 0.23957754307948861
1 0.5677893968871596 0.27959977765425237 0.5772130350194552 0.29849916620344635 0.5775170233463035 0.330183435241801 0.5799489299610895 0.35241801000555867 0.5799489299610895 0.5125069483046136 0.580556906614786 0.5547526403557532 0.5845087548638132 0.584769316286826 0.5936284046692607 0.6414674819344081 0.5994041828793775 0.6775986659255142 0.6082198443579767 0.7015008337965537 0.6152115758754864 0.7115063924402446 0.6389226653696498 0.7042801556420234 0.662329766536965 0.6742634797109506 0.663545719844358 0.6564758198999444 0.6580739299610895 0.6564758198999444 0.6437864785992218 0.6625903279599777 0.634362840466926 0.6681489716509172 0.6288910505836576 0.6770428015564203 0.622203307392996 0.660366870483602 0.6066999027237354 0.5642023346303502 0.6045719844357976 0.5252918287937743 0.6060919260700388 0.41300722623679825 0.6076118677042801 0.3362979433018344 0.6112597276264592 0.30906058921623125 0.6228112840466926 0.2879377431906615
1 0.8663059338521402 0.3546414674819344 0.8720817120622568 0.37409672040022235 0.8781614785992218 0.40355753196220123 0.8863691634241245 0.42857142857142855 0.8830252918287937 0.471928849360756 0.8787694552529184 0.556420233463035 0.8781614785992218 0.6303501945525293 0.8796814202334631 0.6670372429127294 0.8903210116731518 0.7237354085603114 0.9015685797665369 0.7687604224569206 0.9106882295719844 0.7982212340188994 0.9237597276264591 0.8093385214007782 0.9413910505836576 0.8015564202334632 0.9757417315175096 0.7548638132295721 0.9760457198443581 0.7420789327404115 0.9705739299610896 0.737076153418566 0.9611502918287937 0.7443023902167871 0.9319674124513618 0.7843246247915509 0.928623540856031 0.7865480822679267 0.9210238326848248 0.7765425236242358 0.904000486381323 0.7176209005002779 0.8945768482490273 0.6642579210672597 0.8927529182879377 0.6125625347415231 0.8960967898832685 0.528071150639244 0.9043044747081712 0.43190661478599224 0.9122081712062258 0.3896609227348527 0.9134241245136187 0.36464702612562533
2 0.181420233463035 0.5019455252918289 0.1732125486381323 0.5075041689827682 0.1719965953307393 0.5275152862701501 0.17807636186770429 0.5314063368538078 0.19965953307392997 0.5230683713173986 0.20148346303501946 0.5097276264591439 0.19509970817120623 0.49638688160088945
2 0.4015077821011673 0.5575319622012229 0.39451605058365763 0.5647581989994441 0.39117217898832685 0.5831017231795442 0.39846789883268485 0.5886603668704836 0.42217898832684825 0.5786548082267927 0.4233949416342412 0.5630906058921623 0.4179231517509727 0.5536409116175653 0.4081955252918288 0.5547526403557532
2 0.6301070038910506 0.6770428015564203 0.6346668287937743 0.6898276820455809 0.658681906614786 0.6787103946637021 0.6638497081712063 0.6709282934963869 0.6653696498054474 0.6559199555308505 0.6571619649805447 0.6559199555308505 0.6422665369649805 0.6586992773763202 0.6325389105058365 0.6681489716509172
2 0.9547665369649806 0.7526403557531963 0.9602383268482491 0.7665369649805448 0.9763497081712063 0.7548638132295721 0.9766536964980546 0.7404113396331296 0.9711819066147861 0.7348526959421902 0.9605423151750972 0.7426347971095054
3 0.16682879377431908 0.5497498610339078 0.17473249027237353 0.5630906058921623 0.18537208171206226 0.5636464702612564 0.19449173151750973 0.5580878265703169 0.1966196498054475 0.5447470817120623 0.17655642023346302 0.548082267926626 0.17169260700389105 0.538076709282935
3 0.38022859922178986 0.6070038910505837 0.3869163424124514 0.6247915508615898 0.39664396887159536 0.6247915508615898 0.4088035019455253 0.6247915508615898 0.41214737354085595 0.613118399110617 0.39238813229571984 0.6114508060033352 0.3872203307392996 0.60366870483602 0.3905642023346304 0.5919955530850473
3 0.6029705668604651 0.6848006644518273 0.607966933139535 0.6972591362126246 0.6138717296511629 0.7080564784053156 0.6197765261627908 0.7080564784053156 0.637718023255814 0.7039036544850499 0.6452125726744187 0.6955980066445183 0.6238644622093024 0.6985049833887044 0.618186773255814 0.6906146179401994 0.6268168604651163 0.6756644518272426 0.6240915697674418 0.667358803986711
3 0.9211482558139534 0.776578073089701 0.911155523255814 0.7840531561461794 0.9091115552325582 0.7923588039867109 0.9184229651162792 0.8048172757475084 0.9241006540697674 0.8081395348837208 0.9379542151162792 0.8027408637873754 0.933639171511628 0.7973421926910299 0.9265988372093024 0.7890365448504983
