0 0.0027858527131783078 0.5470653377630122 0.2256540697674419 0.21816168327796237 0.3806928294573643 0.0011074197120708748 0.4854651162790698 0.00221483942414175 0.2462451550387597 0.33111849390919157 0.04881298449612405 0.6157253599114064 5.551115123125783e-18 0.6897442130567485
1 0.01817850194552528 0.6586992773763202 0.03216196498054473 0.6720400222345748 0.04280155642023345 0.6842690383546415 0.054961089494163416 0.6920511395219567 0.06529669260700388 0.7159533073929961 0.08201605058365759 0.7537520844913841 0.09964737354085602 0.7915508615897722 0.11575875486381322 0.8276820455808783 0.1352140077821012 0.858810450250139 0.1613570038910506 0.886047804335742 0.17716439688715951 0.8893829905503058 0.188715953307393 0.8721511951083936 0.18901994163424124 0.8538076709282936 0.17838035019455253 0.7593107281823236 0.16682879377431908 0.763201778765981 0.16287694552529183 0.773763201778766 0.16257295719844359 0.7865480822679267 0.16986867704280156 0.8599221789883269 0.15892509727626458 0.8493607559755421 0.1361259727626459 0.8265703168426906 0.1242704280155642 0.8048916064480267 0.09478356031128404 0.7354085603112841 0.0741123540856031 0.6898276820455809 0.06772859922178988 0.6675931072818232 0.06438472762645914 0.6486937187326293 0.051009241245136186 0.6281267370761534 0.04888132295719843 0.6075597554196777
1 0.20725924124513617 0.38021122846025573 0.21820282101167315 0.38632573652028906 0.22641050583657588 0.3957754307948861 0.23522616731517512 0.4046692607003891 0.2410019455252918 0.41300722623679825 0.2519455252918288 0.4357976653696498 0.25984922178988323 0.4524735964424681 0.2707928015564202 0.481934408004447 0.282648346303502 0.5102834908282379 0.2966318093385214 0.5369649805447471 0.30423151750972766 0.5508615897720957 0.3160870622568094 0.5625347415230684 0.33311040856031127 0.5703168426903836 0.35074173151750976 0.5730961645358533 0.36624513618677046 0.5736520289049473 0.38296449416342415 0.5575319622012229 0.3844844357976654 0.5403001667593108 0.38053258754863817 0.4691495275152863 0.3799246108949416 0.43190661478599224 0.3735408560311284 0.4118954974986104 0.361989299610895 0.4113396331295164 0.35834143968871596 0.41801000555864376 0.3610773346303502 0.4524735964424681 0.363205252918288 0.5013896609227348 0.36563715953307396 0.538632573652029 0.363205252918288 0.5553085047248472 0.33463035019455256 0.5491939966648138 0.3224708171206226 0.5414118954974987 0.31183122568093385 0.5258476931628683 0.28629620622568097 0.46859366314619233 0.26015321011673154 0.3974430239021679 0.24586575875486383 0.34908282379099503 0.2476896887159533 0.31906614785992216
1 0.40971546692606997 0.09783212896053363 0.4294747081712062 0.11284046692607004 0.4455860894941634 0.1350750416898277 0.4571376459143969 0.16731517509727628 0.5 0.27070594774874934 0.5188472762645915 0.30739299610894943 0.5401264591439688 0.3290717065036131 0.5735651750972762 0.349638688160089 0.5866366731517509 0.34352418010005564 0.5991001945525292 0.32795997776542524 0.6076118677042801 0.26681489716509177 0.6109557392996109 0.2056698165647582 0.6036600194552528 0.20289049471928852 0.5915004863813229 0.21511951083935524 0.5884606031128404 0.2245692051139522 0.5820768482490272 0.3218454697053919 0.5568458171206225 0.3051695386325737 0.5331347276264591 0.28237909949972206 0.5170233463035019 0.24958310172317957 0.4525778210116731 0.07782101167315175 0.4464980544747082 0.03335186214563647
1 0.72221546692607 0.0016675931072818234 0.7310311284046692 0.02001111728738188 0.7471425097276264 0.037798777098388 0.773589494163424 0.05336297943301835 0.7960846303501945 0.07003891050583658 0.8085481517509727 0.06503613118399111 0.8222276264591439 0.05113952195664258 0.8313472762645914 0.0033351862145636468 0.8128039883268482 0.0016675931072818234 0.8079401750972762 0.02890494719288494 0.8045963035019454 0.04669260700389106 0.7729815175097277 0.02556976097832129 0.7459265564202335 0.0005558643690939411
2 0.16317052165354332 0.796119235095613 0.17224409448818898 0.7913385826771654 0.18008735236220472 0.7719347581552306 0.17824187992125984 0.7584364454443195 0.16563115157480315 0.7629358830146231 0.16224778543307086 0.7744656917885264
2 0.359251968503937 0.44178852643419575 0.36494217519685035 0.4423509561304837 0.37924458661417326 0.4305399325084364 0.375246062992126 0.4111361079865017 0.3684793307086614 0.41141732283464566 0.3584830216535433 0.41957255343082117
2 0.589474655511811 0.23790776152980878 0.5968565452755905 0.2410011248593926 0.6100824311023623 0.22187851518560178 0.6113127460629921 0.20472440944881887 0.6036232775590551 0.20219347581552305 0.5908587598425197 0.21597300337457817 0.5891670767716535 0.22750281214848145
3 0.1662463090551181 0.859392575928009 0.1608636811023622 0.8734533183352081 0.1616326279527559 0.8844206974128234 0.17162893700787402 0.8886389201349831 0.1777805118110236 0.8847019122609674 0.18854576771653545 0.8717660292463442 0.17562746062992124 0.873734533183352 0.17132135826771652 0.8669853768278966 0.17132135826771652 0.8613610798650169
3 0.3583292322834646 0.5548368953880765 0.355714812992126 0.5632733408323959 0.355099655511811 0.5748031496062992 0.36325049212598426 0.5725534308211473 0.374630905511811 0.5655230596175478 0.38247416338582674 0.5565241844769404 0.3715551181102362 0.5551181102362205 0.3644808070866142 0.5556805399325084
3 0.5799397145669292 0.3197412823397075 0.5753260334645669 0.3388638920134983 0.5756336122047244 0.35208098987626546 0.5860912893700787 0.34561304836895385 0.5931656003937007 0.3357705286839145 0.5997785433070866 0.32395950506186727 0.6010088582677164 0.31664791901012374 0.5899360236220472 0.3186164229471316 0.5833230807086613 0.31636670416197976 0.5816313976377953 0.31917885264341955
3 0.8010888287401574 0.04246344206974128 0.7947834645669292 0.05652418447694038 0.7949372539370079 0.07002249718785152 0.8038570374015748 0.06946006749156355 0.8107775590551182 0.06467941507311586 0.8206200787401574 0.054836895388076484 0.8236958661417322 0.05118110236220472 0.8152374507874015 0.04330708661417323 0.806779035433071 0.04330708661417323 0.8037032480314961 0.04471316085489314
