0 0.003391472868217068 0.8859357696566998 0.07303779069767444 0.786267995570321 0.18750000000000003 0.610188261351052 0.3183139534883721 0.41417497231450723 0.4315649224806202 0.256921373200443 0.5417877906976745 0.09745293466223699 0.6126453488372092 0.00221483942414175 0.7210513565891473 0.0033222591362126242 0.5999273255813954 0.15614617940199335 0.4751695736434109 0.33111849390919157 0.3395106589147287 0.5182724252491694 0.19476744186046513 0.7176079734219268 0.09181201550387598 0.8748615725359911 0.008452835167497197 0.9985714285714286 0.0 0.9985714285714286
1 0.0896157587548638 0.8727070594774875 0.08292801556420233 0.9127292940522513 0.07867217898832685 0.9977765425236244 0.03520184824902722 0.9977765425236244 0.03459387159533073 0.9744302390216788 0.03185797665369648 0.9449694274596999 0.03884970817120621 0.9338521400778211 0.04796935797665368 0.9344080044469151 0.052833171206225674 0.9421901056142302 0.05465710116731517 0.9599777654252363 0.0592169260700389 0.9944413563090607 0.06560068093385213 0.9132851584213453 0.05800097276264591 0.8732629238465814
1 0.19479571984435798 0.7220678154530294 0.18415612840466927 0.7520844913841024 0.1820282101167315 0.7982212340188994 0.18354815175097278 0.8621456364647027 0.18233219844357978 0.8993885491939968 0.17990029182879377 0.9166203446359088 0.1683487354085603 0.9232907170650362 0.1564931906614786 0.9199555308504727 0.15375729571984437 0.88715953307393 0.1507174124513619 0.8132295719844358 0.15132538910505838 0.7971095052807115 0.1613570038910506 0.7959977765425237 0.1613570038910506 0.7726514730405781 0.15892509727626458 0.7515286270150084 0.15922908560311283 0.7304057809894386
1 0.33432636186770426 0.5058365758754864 0.3361502918287938 0.5208449138410228 0.3385821984435798 0.5403001667593108 0.33463035019455256 0.5597554196775987 0.332806420233463 0.5753196220122291 0.34162208171206226 0.5775430794886048 0.344965953307393 0.5897720956086715 0.34375 0.6297943301834353 0.34162208171206226 0.688715953307393 0.3373662451361868 0.7153974430239022 0.3282465953307393 0.7137298499166204 0.3200389105058366 0.7087270705947749 0.3173030155642024 0.6770428015564203 0.3173030155642024 0.5814341300722624 0.31699902723735407 0.5630906058921623 0.31061527237354086 0.5530850472484714 0.30362354085603116 0.5391884380211229
1 0.4464980544747082 0.3262923846581435 0.45196984435797666 0.35075041689827685 0.4540977626459144 0.3857698721511952 0.46048151750972754 0.43635352973874375 0.4641293774319066 0.47637576431350753 0.46899319066147854 0.49138410227904394 0.4857125486381323 0.49638688160088945 0.49513618677042803 0.4863813229571985 0.4960481517509727 0.4652584769316287 0.49300826848249024 0.3529738743746526 0.491488326848249 0.3379655364091162 0.48115272373540857 0.33740967204002226 0.4729450389105058 0.34352418010005564 0.4735530155642024 0.3752084491384103 0.47507295719844356 0.43301834352418017 0.4702091439688716 0.3807670928293497 0.4686892023346303 0.35352973874374655 0.47051313229571984 0.330739299610895 0.4723370622568093 0.30350194552529186
1 0.6349708171206225 0.0811561978877154 0.6431785019455253 0.09560867148415787 0.648954280155642 0.13952195664257921 0.6568579766536965 0.18454697053918842 0.6641536964980544 0.22067815453029463 0.6729693579766537 0.22901612006670372 0.6957684824902723 0.2323513062812674 0.7079280155642024 0.21845469705391887 0.7140077821011672 0.19066147859922178 0.7133998054474708 0.06837131739855476 0.7133998054474708 0.05225125069483047 0.7085359922178988 0.04113396331295164 0.695464494163424 0.039466370205669815 0.6872568093385214 0.04502501389660923 0.6875607976653696 0.07504168982768206 0.6878647859922179 0.15897720956086714 0.6881687743190661 0.2001111728738188 0.6839129377431907 0.2095608671484158 0.6693214980544747 0.12729294052251253 0.6632417315175096 0.08004446914952752 0.6626337548638132 0.0405780989438577
2 0.0332856514084507 0.960261569416499 0.053091989436619726 0.9532193158953722 0.05281690140845071 0.9411468812877264 0.04704005281690141 0.9341046277665996 0.037962147887323945 0.9356136820925554 0.031084947183098594 0.9441649899396379
2 0.15102332746478875 0.8234406438631792 0.1719300176056338 0.8249496981891348 0.17825704225352113 0.8143863179074446 0.17523107394366197 0.7962776659959758 0.16092649647887325 0.795774647887324 0.15129841549295775 0.8003018108651911
2 0.33065580985915494 0.5764587525150906 0.3243287852112676 0.5824949698189136 0.32295334507042256 0.60261569416499 0.32900528169014087 0.60261569416499 0.3446852992957746 0.6021126760563381 0.3455105633802817 0.5890342052313884 0.34248459507042256 0.5754527162977868
2 0.4748019366197183 0.3631790744466801 0.4937830105633803 0.3591549295774648 0.4915823063380282 0.3375251509054326 0.47535211267605637 0.34154929577464793
2 0.6874449823943662 0.06841046277665996 0.6959727112676057 0.06841046277665996 0.7133032570422536 0.06891348088531188 0.7133032570422536 0.05030181086519115 0.7086267605633803 0.04124748490945674 0.6940470950704226 0.03772635814889336 0.6879951584507042 0.04678068410462777
3 0.15459947183098594 0.9009054325955735 0.17578125 0.8993963782696177 0.1815580985915493 0.8792756539235412 0.18238336267605634 0.8908450704225354 0.18238336267605634 0.9044265593561369 0.18045774647887325 0.9190140845070424 0.1722051056338028 0.9220321931589537 0.16312720070422534 0.9220321931589537 0.15569982394366197 0.9205231388329981 0.15569982394366197 0.9069416498993964
3 0.31745158450704225 0.6836016096579477 0.31910211267605637 0.7007042253521127 0.3243287852112676 0.7097585513078472 0.33038072183098594 0.7122736418511066 0.3378080985915493 0.7127766599597586 0.34055897887323944 0.6971830985915494 0.32322843309859156 0.693661971830986 0.32322843309859156 0.6780684104627767 0.3199273767605634 0.6780684104627767
3 0.4635233274647888 0.4678068410462777 0.4662742077464789 0.48289738430583506 0.4701254401408451 0.49245472837022136 0.4789282570422535 0.49446680080482897 0.486905809859155 0.4964788732394366 0.4937830105633803 0.48641851106639844 0.49488336267605637 0.47384305835010065 0.4805787852112676 0.471830985915493 0.4745268485915493 0.4542253521126761 0.4698503521126761 0.4607645875251509 0.4670994718309859 0.46478873239436624
3 0.682493397887324 0.210261569416499 0.6753411091549296 0.21680080482897385 0.6758912852112676 0.2318913480885312 0.6879951584507042 0.2318913480885312 0.6978983274647887 0.23138832997987926 0.7064260563380282 0.22032193158953722 0.7111025528169014 0.20824949698189135 0.6956976232394367 0.20422535211267606 0.6896456866197183 0.1881287726358149 0.6877200704225352 0.204728370221328
