0 0.001574612403100789 0.3477297895902547 0.44428294573643407 0.16611295681063123 0.7876695736434108 0.03765227021040974 0.898861434108527 5.075305255429287e-18 0.99921875 0.003308482941477131 0.99921875 0.07751937984496124 0.8185562015503874 0.1406423034330011 0.5811531007751938 0.23255813953488372 0.31649709302325585 0.34108527131782945 0.055474806201550396 0.46068660022148394 -1.1102230246251566e-17 0.4879553221638743
1 0.00570913461538466 0.4835164835164835 0.01747796474358979 0.4990842490842491 0.03350360576923082 0.5311355311355311 0.04301883012820517 0.5663919413919414 0.05654046474358978 0.6423992673992674 0.06505408653846158 0.6936813186813187 0.07507011217948721 0.7261904761904762 0.09435096153846158 0.7701465201465201 0.12089342948717952 0.8186813186813187 0.12940705128205132 0.831043956043956 0.14017427884615388 0.8305860805860805 0.1762319711538462 0.8086080586080585 0.18875200320512825 0.7838827838827839 0.18975360576923078 0.7765567765567765 0.1854967948717949 0.771062271062271 0.17022235576923078 0.7802197802197802 0.14593349358974364 0.7939560439560439 0.13591746794871798 0.7898351648351648 0.1281550480769231 0.7793040293040292 0.0993589743589744 0.717948717948718 0.08633814102564107 0.6858974358974359 0.07331730769230774 0.5966117216117216 0.06204927884615389 0.5311355311355311 0.055789262820512865 0.5004578754578755 0.05428685897435901 0.47435897435897434 0.05553886217948721 0.45879120879120877 0.028996394230769273 0.4697802197802197
1 0.26988181089743596 0.36355311355311354 0.28415464743589747 0.3933150183150183 0.2934194711538462 0.41712454212454214 0.29917868589743596 0.4555860805860806 0.31244991987179493 0.5499084249084248 0.3182091346153847 0.5815018315018315 0.32597155448717957 0.6071428571428571 0.3490084134615385 0.6501831501831502 0.36453325320512825 0.6739926739926739 0.37880608974358976 0.6904761904761905 0.39132612179487186 0.6964285714285714 0.40534855769230765 0.6836080586080585 0.4323918269230769 0.6543040293040293 0.4446614583333333 0.6190476190476191 0.44140625 0.6112637362637362 0.4363982371794872 0.6112637362637362 0.40935496794871795 0.6433150183150184 0.399589342948718 0.6547619047619048 0.3920773237179488 0.6533882783882784 0.37454927884615385 0.6332417582417582 0.36127804487179493 0.6071428571428571 0.3434995993589744 0.5755494505494505 0.33548677884615385 0.5499084249084248 0.3204627403846154 0.44184981684981683 0.3129507211538462 0.38003663003662996 0.31620592948717957 0.34935897435897434 0.3209635416666667 0.3411172161172161
1 0.5302984775641025 0.2532051282051282 0.5408153044871795 0.27518315018315015 0.548828125 0.30036630036630035 0.5523337339743589 0.4010989010989011 0.5535857371794871 0.4532967032967033 0.5588441506410257 0.4803113553113553 0.5686097756410257 0.5045787545787546 0.5981570512820513 0.559065934065934 0.6071714743589743 0.5718864468864469 0.6171875 0.5746336996336996 0.6299579326923077 0.5705128205128205 0.6447315705128205 0.5540293040293041 0.6737780448717949 0.5206043956043955 0.6790364583333333 0.49587912087912084 0.6747796474358975 0.4908424908424908 0.6695212339743589 0.4913003663003663 0.6567508012820513 0.5041208791208791 0.6284555288461539 0.5366300366300366 0.6196915064102564 0.5402930402930403 0.6064202724358975 0.5306776556776557 0.5898938301282051 0.4977106227106227 0.5756209935897436 0.4679487179487179 0.5676081730769231 0.4450549450549451 0.5661057692307693 0.4061355311355311 0.565604967948718 0.2838827838827839 0.5811298076923077 0.2316849816849817
1 0.7684294871794871 0.16254578754578755 0.780448717948718 0.18177655677655677 0.7844551282051282 0.20558608058608058 0.7867087339743589 0.2326007326007326 0.7879607371794871 0.33104395604395603 0.7907151442307693 0.364010989010989 0.7954727564102564 0.38598901098901095 0.8119991987179487 0.41712454212454214 0.8237680288461539 0.43956043956043955 0.8440504807692308 0.4665750915750915 0.8550681089743589 0.46932234432234426 0.8668369391025641 0.4597069597069597 0.9051482371794872 0.4084249084249085 0.909405048076923 0.38232600732600736 0.9033954326923077 0.3772893772893773 0.9006410256410255 0.3782051282051282 0.8673377403846153 0.42124542124542125 0.8610777243589742 0.43177655677655674 0.8525641025641025 0.434065934065934 0.8438000801282051 0.42582417582417587 0.8114983974358975 0.3699633699633699 0.8034855769230769 0.3489010989010989 0.8012319711538461 0.304029304029304 0.8007311698717949 0.20375457875457872 0.8039863782051283 0.19184981684981686 0.8099959935897436 0.163003663003663 0.8185096153846153 0.14102564102564102
1 0.9812700320512822 0.08562271062271061 0.9940404647435898 0.11904761904761904 0.9947916666666666 0.1401098901098901 0.9890324519230769 0.23626373626373626 0.9862780448717949 0.2783882783882784 0.9887820512820513 0.2999084249084249 0.9990484775641025 0.33104395604395603 0.9987980769230769 0.2724358974358974 0.9987980769230769 0.07783882783882783
2 0.16513301749271136 0.798417326114119 0.1751548833819242 0.7763431903373594 0.1849489795918367 0.7709287796751354 0.18995991253644312 0.7750937109537692 0.18882106413994168 0.7850895460224906 0.17606596209912534 0.8084131611828405 0.16741071428571427 0.8113286130778842
2 0.42957361516034986 0.6180758017492711 0.4206905976676385 0.6447313619325281 0.42592930029154513 0.6593086214077467 0.4329901603498542 0.6538942107455227 0.44506195335276966 0.6189087880049978 0.4395954810495627 0.6089129529362765 0.43344569970845476 0.6134943773427738
2 0.6644041545189504 0.4968763015410246 0.6614431486880467 0.5127030403998334 0.6662263119533527 0.5297792586422324 0.6739704810495627 0.5172844648063307 0.6778425655976676 0.49396084964598086 0.6728316326530612 0.48771345272802996 0.6687317784256559 0.4897959183673469
2 0.896956997084548 0.3819241982507288 0.8928571428571429 0.40274885464389837 0.8962736880466473 0.4177426072469804 0.9049289358600582 0.40733027905039565 0.9108509475218659 0.38109121199500207 0.9021956997084548 0.37650978758850473
3 0.13620626822157433 0.790920449812578 0.12322339650145772 0.8100791336942941 0.11980685131195334 0.8196584756351519 0.1286898688046647 0.8292378175760099 0.1368895772594752 0.8313202832153269 0.1428115889212828 0.8279883381924198 0.1396228134110787 0.8125780924614744 0.14212827988338192 0.7934194085797585
3 0.3872084548104956 0.6501457725947521 0.37855320699708456 0.673469387755102 0.3749088921282798 0.6888796334860474 0.3826530612244898 0.6926280716368179 0.39153607871720114 0.6967930029154519 0.39700255102040816 0.6901291128696376 0.3929026967930029 0.6784673052894628 0.3931304664723032 0.6538942107455227
3 0.6120171282798833 0.5364431486880467 0.6049562682215743 0.5531028738025823 0.6024508017492711 0.5651811745106206 0.6079172740524781 0.5693461057892544 0.6147503644314869 0.5776759683465222 0.6247722303206997 0.5730945439400249 0.628872084548105 0.5701790920449812 0.6222667638483965 0.5589337775926697 0.6211279154518949 0.5418575593502707
3 0.8493531341107872 0.4323198667221991 0.8416089650145772 0.4481466055810079 0.8377368804664723 0.45772594752186585 0.8452532798833818 0.46730528946272387 0.853225218658892 0.4702207413577676 0.8586916909620991 0.46730528946272387 0.8548196064139942 0.45231153685964176 0.8548196064139942 0.43481882548937945
