0 0.000968992248062029 0.0 0.8112887596899224 0.0011074197120708748 0.5484496124031008 0.03986710963455149 0.37281976744186046 0.07087486157253599 0.16933139534883723 0.10741971207087486 0.001574612403100789 0.14285714285714285
1 0.08333333333333334 0.11627906976744187 0.07546027131782947 0.18161683277962348 0.0809108527131783 0.23255813953488372 0.10150193798449614 0.4972314507198228 0.1081637596899225 0.5647840531561461 0.13541666666666669 0.6566998892580288 0.15055717054263568 0.6888150609080842 0.16085271317829458 0.6323366555924695 0.16933139534883723 0.5714285714285714 0.18144379844961242 0.5548172757475083 0.2220203488372093 0.5337763012181617 0.22868217054263568 0.5537098560354374 0.21293604651162795 0.64562569213732 0.19476744186046513 0.7408637873754153 0.1859975961538462 0.7692307692307693 0.14067508012820515 0.7994505494505495 0.12615184294871798 0.8003663003663004 0.11563501602564105 0.7802197802197802 0.09034455128205132 0.7152014652014652 0.06680689102564107 0.6488095238095237 0.050280448717948754 0.5902014652014652 0.04076522435897441 0.5114468864468864 0.010717147435897481 0.24954212454212454 0.0014523237179487635 0.1813186813186813 0.00020032051282055835 0.13232600732600733
1 0.27714342948717957 0.08424908424908424 0.2904146634615385 0.12316849816849816 0.2999298878205129 0.1652930402930403 0.3009314903846154 0.2248168498168498 0.3016826923076924 0.2554945054945055 0.3127003205128206 0.4001831501831502 0.32647235576923084 0.5847069597069596 0.33723958333333337 0.6382783882783882 0.35376602564102566 0.6955128205128205 0.38030849358974367 0.7706043956043955 0.40284455128205127 0.8232600732600732 0.42462940705128205 0.858058608058608 0.44290865384615385 0.8598901098901098 0.48848157051282054 0.8118131868131867 0.5092648237179487 0.7472527472527473 0.5365584935897436 0.6423992673992674 0.5495793269230769 0.5952380952380952 0.5503305288461539 0.5691391941391941 0.5408153044871795 0.570054945054945 0.5062600160256411 0.5847069597069596 0.49824719551282054 0.6053113553113554 0.48923277243589747 0.641941391941392 0.4584334935897436 0.771062271062271 0.45142227564102566 0.7724358974358974 0.44315905448717946 0.7554945054945055 0.41110777243589747 0.673076923076923 0.393329326923077 0.6167582417582418 0.38431490384615385 0.5773809523809523 0.3793068910256411 0.5256410256410257 0.3692908653846154 0.3173076923076923 0.3600260416666667 0.1391941391941392 0.3617788461538462 0.11263736263736263 0.36778846153846156 0.08928571428571429 0.3700420673076924 0.0695970695970696
1 0.6727764423076923 0.022893772893772892 0.6935596955128205 0.054029304029304025 0.7138421474358975 0.08379120879120878 0.7198517628205128 0.14697802197802198 0.7183493589743589 0.18223443223443223 0.7180989583333333 0.41025641025641024 0.7185997596153846 0.5888278388278388 0.7213541666666667 0.6341575091575091 0.7286157852564102 0.6836080586080585 0.7516526442307693 0.7701465201465201 0.7631710737179487 0.8026556776556777 0.7882111378205128 0.8731684981684982 0.8175080128205128 0.9358974358974358 0.8337840544871795 0.9496336996336996 0.8513120993589742 0.9432234432234432 0.880108173076923 0.9020146520146519 0.9161658653846153 0.8214285714285714 0.9559795673076923 0.7252747252747253 0.9725060096153847 0.6804029304029304 0.9970452724358975 0.6414835164835165 0.9940404647435898 0.6282051282051282 0.9830228365384615 0.6391941391941391 0.9662459935897436 0.6552197802197802 0.9512219551282051 0.6822344322344323 0.8728465544871795 0.8708791208791209 0.8643329326923077 0.88003663003663 0.8595753205128205 0.8786630036630036 0.8510616987179487 0.868131868131868 0.8272736378205128 0.8214285714285714 0.7972255608974359 0.738095238095238 0.7806991185897436 0.6785714285714286 0.7689302884615384 0.6231684981684982 0.7656750801282051 0.5714285714285714 0.7686798878205128 0.3663003663003663 0.7746895032051282 0.0902014652014652 0.7786959134615384 0.04624542124542124 0.7862079326923077 0.019688644688644688 0.811748798076923 0.0
2 0.16219635627530368 0.609600925390399 0.17358299595141705 0.6275303643724696 0.22229251012145754 0.5957200694042798 0.22925101214574903 0.5534991324465008 0.22165991902834015 0.5320994794679005 0.16852226720647778 0.5685367264314632
2 0.488297064777328 0.6408328513591671 0.5012651821862348 0.6576055523423944 0.5408021255060729 0.6292654713707345 0.5499746963562753 0.5986119144013881 0.5512398785425101 0.5668016194331983 0.5411184210526316 0.5673799884326199 0.5063259109311741 0.5847310584152688 0.49683704453441296 0.603238866396761
2 0.9355389676113359 0.7125506072874493 0.955781882591093 0.7293233082706766 0.9731781376518219 0.6813186813186813 0.9991143724696355 0.6402544823597455 0.9950025303643724 0.6281087333718912 0.965587044534413 0.6558704453441295 0.9497722672064777 0.6842105263157894
3 0.1416371457489879 0.7056101792943897 0.1138031376518219 0.7356853672643145 0.10621204453441299 0.7513013302486986 0.11411943319838061 0.7715442452284557 0.12487348178137656 0.794679005205321 0.13879048582995956 0.794679005205321 0.18844888663967616 0.7692307692307693 0.19509109311740896 0.7414690572585309 0.15365637651821867 0.7605552342394446 0.14733046558704457 0.7125506072874493
3 0.4471786437246964 0.7657605552342395 0.4152327935222672 0.8016194331983806 0.402580971659919 0.8235974551764025 0.4139676113360323 0.8438403701561596 0.4285172064777328 0.8582995951417003 0.44559716599190285 0.8519375361480623 0.49114372469635625 0.8131868131868131 0.4626771255060729 0.8114517061885482 0.4541371457489879 0.7784846732215153
3 0.8476088056680162 0.863504916136495 0.8254681174089068 0.9034123770965875 0.8109185222672064 0.9201850780798149 0.8213562753036436 0.9358010410641988 0.8324266194331983 0.951417004048583 0.8460273279352226 0.9456333140543666 0.8599443319838056 0.9352226720647772 0.8808198380566802 0.9022556390977443 0.8722798582995951 0.8704453441295545 0.8675354251012145 0.880855986119144 0.8548836032388664 0.8768074031231926
