0 0.0021802325581395483 0.21926910299003322 0.17599321705426357 0.20044296788482838 0.4745639534883721 0.17054263565891473 0.7507267441860466 0.15171650055370986 0.9978197674418604 0.15171650055370986 0.9990310077519379 0.24473975636766337 0.5902374031007752 0.25249169435215946 0.36312984496124034 0.2735326688815061 0.06577034883720931 0.2978959025470653 1.1102230246251566e-17 0.3044558542232961
1 0.04511390887290172 0.2826310380267215 0.04548860911270987 0.30489893799246315 0.04136690647482018 0.3271668379582049 0.03106264988009596 0.3648509763617677 0.02600419664268589 0.39020212401507365 0.024318045563549197 0.40561836245289484 0.024318045563549197 0.41658102089756766 0.037619904076738646 0.42822884549503254 0.04267835731414872 0.4258307639602603 0.05185851318944847 0.4028776978417266 0.06572242206235016 0.36279547790339156 0.07377847721822546 0.3436108256252141 0.07153027577937654 0.3316204179513532 0.06103866906474824 0.3233984241178486 0.05373201438848925 0.3384720794792737 0.05785371702637894 0.3237410071942446 0.06497302158273385 0.3117505995203837 0.06740857314148685 0.2977046933881466 0.07359112709832138 0.2795477903391573
1 0.21416666666666667 0.2674285714285714 0.21666666666666665 0.2838095238095238 0.2129166666666667 0.3100952380952381 0.20354166666666668 0.3516190476190476 0.20145833333333335 0.3668571428571429 0.20645833333333333 0.3782857142857143 0.21166666666666667 0.3851428571428572 0.2214583333333333 0.3851428571428572 0.231875 0.37866666666666665 0.23895833333333333 0.3657142857142857 0.27020833333333333 0.2925714285714286 0.26416666666666666 0.2815238095238095 0.25916666666666666 0.2758095238095238 0.254375 0.2758095238095238 0.23229166666666665 0.32761904761904764 0.22041666666666665 0.3546666666666667 0.2152083333333333 0.35923809523809525 0.21916666666666668 0.33980952380952384 0.228125 0.30323809523809525 0.234375 0.28914285714285715 0.23875000000000002 0.27314285714285713 0.24041666666666667 0.2659047619047619
1 0.381875 0.24 0.385625 0.2598095238095238 0.38458333333333333 0.27695238095238095 0.375625 0.34019047619047615 0.37312500000000004 0.3641904761904762 0.37416666666666665 0.3817142857142857 0.3804166666666667 0.39695238095238095 0.39895833333333336 0.4156190476190476 0.4060416666666667 0.4057142857142857 0.41833333333333333 0.37866666666666665 0.4345833333333333 0.3344761904761905 0.4385416666666667 0.3203809523809524 0.43395833333333333 0.31238095238095237 0.4260416666666667 0.30438095238095236 0.41958333333333336 0.304 0.4125 0.32380952380952377 0.39791666666666664 0.3596190476190476 0.39249999999999996 0.3782857142857143 0.38958333333333334 0.3740952380952381 0.3983333333333333 0.32 0.40354166666666663 0.2815238095238095 0.40895833333333337 0.2594285714285714 0.4095833333333333 0.2403809523809524
1 0.558125 0.22476190476190477 0.566875 0.24190476190476193 0.5677083333333333 0.2617142857142857 0.5589583333333333 0.33104761904761904 0.5589583333333333 0.3580952380952381 0.5633333333333334 0.37142857142857144 0.5866666666666667 0.40380952380952384 0.5960416666666666 0.3984761904761905 0.6147916666666666 0.35923809523809525 0.6335416666666667 0.31352380952380954 0.6310416666666667 0.304 0.6235416666666667 0.2948571428571429 0.61625 0.2906666666666667 0.6004166666666666 0.3291428571428571 0.5879166666666666 0.3580952380952381 0.5804166666666666 0.3718095238095238 0.5752083333333333 0.37219047619047624 0.5743750000000001 0.3577142857142857 0.5810416666666667 0.3059047619047619 0.5854166666666667 0.26819047619047615 0.5904166666666667 0.2358095238095238
1 0.745 0.2201904761904762 0.753125 0.22438095238095238 0.7558333333333334 0.24228571428571427 0.7560416666666667 0.26971428571428574 0.754375 0.3272380952380952 0.754375 0.3417142857142857 0.7610416666666666 0.364952380952381 0.7725 0.38476190476190475 0.7916666666666667 0.4015238095238095 0.8014583333333333 0.40380952380952384 0.809375 0.3973333333333333 0.8295833333333332 0.3588571428571428 0.8445833333333332 0.3260952380952381 0.8477083333333333 0.3146666666666667 0.8420833333333333 0.29942857142857143 0.8331250000000001 0.29333333333333333 0.8272916666666668 0.30742857142857144 0.8010416666666667 0.3596190476190476 0.7929166666666666 0.3718095238095238 0.784375 0.3718095238095238 0.7737499999999999 0.36228571428571427 0.7685416666666667 0.35733333333333334 0.770625 0.304 0.7720833333333333 0.26476190476190475 0.7766666666666666 0.24 0.7764583333333334 0.22323809523809526 0.7839583333333333 0.21066666666666667
1 0.9595893252212389 0.2155499367888748 0.968577157079646 0.22376738305941843 0.9723797013274336 0.24146649810366622 0.9716883296460177 0.27370417193426044 0.9675400995575221 0.3261694058154235 0.9654659845132743 0.35840707964601765 0.9713426438053097 0.3798988621997471 0.9806761615044246 0.404551201011378 0.9903553650442477 0.42351453855878635 0.9989975110619469 0.43046776232616935 0.9989975110619469 0.39254108723135267 0.9958863384955752 0.3994943109987357 0.9913924225663715 0.3994943109987357 0.9844787057522122 0.38369152970922876 0.9803304756637168 0.36852085967130216 0.9830959623893805 0.33438685208596713 0.986898506637168 0.2888748419721871 0.9865528207964601 0.26422250316055623 0.9865528207964601 0.24020227560050567 0.9917381084070795 0.21871049304677623 0.9955406526548671 0.21302149178255372
2 0.05389242256637171 0.33944374209860934 0.06841122787610623 0.3571428571428571 0.07636200221238941 0.34260429835651074 0.07048534292035401 0.3249051833122629 0.059077710176991184 0.3236409608091024
2 0.2502419800884956 0.28318584070796454 0.26510647123893805 0.304677623261694 0.27132881637168144 0.29266750948166875 0.2571556969026549 0.2711757269279393
2 0.414217202970297 0.3203677510608203 0.433748452970297 0.33804809052333806 0.4389696782178218 0.31966053748231965 0.42156559405940597 0.2998585572842999
2 0.6114634900990099 0.30445544554455445 0.6286741955445544 0.32425742574257427 0.6346689356435643 0.3086987270155587 0.6166847153465347 0.28677510608203677
2 0.8274675123762376 0.30728429985855726 0.8423576732673267 0.33097595473833097 0.8487391707920793 0.3122347949080622 0.8355894183168318 0.28995756718529
3 0.027266398514851485 0.3868458274398868 0.024752475247524754 0.40346534653465344 0.02784653465346535 0.4158415841584158 0.03326113861386139 0.42326732673267325 0.04157642326732673 0.42857142857142855 0.04370358910891089 0.42362093352192365 0.04641089108910891 0.4154879773691655 0.034614789603960396 0.40099009900990096 0.03422803217821782 0.39038189533239037 0.02881342821782178 0.38578500707213575
3 0.21658415841584158 0.35289957567185287 0.2024675123762376 0.35254596888260253 0.2013072400990099 0.36669024045261667 0.20517481435643564 0.37553041018387556 0.2090423886138614 0.3833097595473833 0.21426361386138612 0.3854314002828854 0.21987159653465346 0.3854314002828854 0.21136293316831684 0.3684582743988684 0.2146503712871287 0.35820367751060816
3 0.3896581064356436 0.3727015558698727 0.38076268564356436 0.3730551626591231 0.3743811881188119 0.3815417256011316 0.3784421410891089 0.39002828854314 0.3813428217821782 0.39710042432814713 0.38637066831683164 0.40134370579915135 0.3925587871287129 0.40947666195190946 0.3991336633663366 0.41371994342291374 0.4028078589108911 0.4101838755304102 0.3921720297029703 0.39144271570014144 0.3915918935643564 0.3797736916548798
3 0.5756884282178218 0.3709335219236209 0.5702738242574258 0.3794200848656294 0.5782023514851484 0.39002828854314 0.5861308787128713 0.4016973125884017 0.592705754950495 0.4006364922206507 0.5967667079207921 0.39674681753889673 0.5849706064356436 0.3811881188118812 0.5822633044554455 0.3702263083451202
3 0.7816367574257426 0.3702263083451202 0.7771890470297029 0.3801272984441301 0.7779625618811881 0.39073550212164077 0.7858910891089109 0.3963932107496464 0.7924659653465347 0.40275813295615276 0.7986540841584159 0.40417256011315417 0.804842202970297 0.4020509193776521 0.8098700495049505 0.3981612446958982 0.7974938118811881 0.3790664780763791 0.7969136757425742 0.3688118811881188 0.7934328589108911 0.37446958981612444 0.7864712252475248 0.37376237623762376
3 0.9893254950495048 0.39674681753889673 0.9837175123762376 0.4059405940594059 0.9881652227722773 0.4165487977369165 0.9970606435643564 0.4292786421499293 0.99921875 0.42984239240250555 0.998801051980198 0.3978076379066478 0.9943533415841583 0.40381895332390383 0.9916460396039604 0.40346534653465344
