1 0.04215116279069769 0.0011074197120708748 0.05002422480620157 0.04540420819490587 0.04820736434108528 0.10741971207087486 0.041545542635658926 0.20155038759689925 0.03488372093023257 0.2768549280177187 0.03488372093023257 0.33554817275747506 0.03609496124031009 0.3931339977851606 0.05305232558139537 0.5094130675526024 0.05789728682170544 0.5282392026578073 0.09060077519379846 0.5382059800664452 0.11240310077519382 0.5038759689922481 0.1560077519379845 0.42524916943521596 0.1445009689922481 0.4064230343300111 0.12512112403100778 0.40088593576965664 0.10998062015503877 0.4174972314507198 0.08454457364341086 0.4717607973421927 0.07909399224806203 0.44407530454042077 0.06879844961240311 0.3554817275747508 0.07182655038759692 0.29235880398671094 0.08938953488372095 0.042081949058693245 0.09362887596899225 0.0
1 0.40067829457364346 0.0011074197120708748 0.4079457364341085 0.024363233665559245 0.41400193798449614 0.05537098560354374 0.4115794573643411 0.14839424141749724 0.406734496124031 0.2691029900332226 0.4091569767441861 0.34551495016611294 0.41945251937984496 0.40088593576965664 0.44307170542635654 0.4629014396456257 0.4636627906976744 0.5005537098560354 0.49333817829457366 0.5083056478405316 0.5163517441860466 0.48283499446290146 0.5393653100775194 0.42967884828349945 0.5750968992248062 0.36323366555924697 0.5660125968992248 0.3499446290143965 0.5417877906976745 0.33665559246954596 0.5290697674418605 0.3521594684385382 0.47880329457364346 0.46511627906976744 0.45639534883720934 0.40863787375415284 0.44488856589147285 0.35658914728682173 0.4460998062015504 0.2292358803986711 0.45397286821705424 0.05647840531561462 0.45578972868217055 0.004429678848283499
1 0.7676841085271318 0.034330011074197114 0.7967538759689923 0.07087486157253599 0.797359496124031 0.10741971207087486 0.7906976744186046 0.2248062015503876 0.7846414728682171 0.3266888150609081 0.7876695736434108 0.3743078626799557 0.8076550387596898 0.4307862679955703 0.8336967054263565 0.49612403100775193 0.8542877906976744 0.5271317829457365 0.880329457364341 0.5359911406423035 0.917877906976744 0.4850498338870432 0.9651162790697674 0.41417497231450723 0.9717781007751937 0.39756367663344405 0.9560319767441859 0.37541528239202654 0.9463420542635659 0.38316722037652273 0.920300387596899 0.42635658914728686 0.8779069767441859 0.4905869324473976 0.8670058139534882 0.5016611295681064 0.8494428294573643 0.4950166112956811 0.8367248062015504 0.4584717607973422 0.8118943798449612 0.3997785160575858 0.8082606589147285 0.3532668881506091 0.8264292635658913 0.06423034330011074 0.8355135658914727 0.042081949058693245
2 0.10755813953488373 0.42967884828349945 0.12027616279069771 0.43300110741971204 0.15237403100775196 0.43632336655592474 0.15237403100775196 0.41971207087486156 0.1445009689922481 0.40863787375415284 0.12451550387596902 0.40420819490586934 0.10755813953488373 0.4152823920265781
2 0.5320978682170543 0.3599114064230343 0.5411821705426357 0.37209302325581395 0.5635901162790697 0.3776301218161683 0.5732800387596899 0.3610188261351052 0.5648013565891473 0.3499446290143965 0.5436046511627908 0.3399778516057586
2 0.9445251937984495 0.3864894795127353 0.9511870155038759 0.4064230343300111 0.9669331395348836 0.41417497231450723 0.9729893410852712 0.39424141749723146 0.9554263565891471 0.3743078626799557
3 0.4697189922480621 0.4717607973421927 0.45518410852713176 0.4629014396456257 0.45033914728682173 0.4784053156146179 0.46790213178294576 0.4972314507198228 0.49152131782945735 0.5105204872646733 0.5018168604651163 0.5016611295681064 0.4739583333333333 0.48615725359911405
3 0.8554990310077519 0.4994462901439645 0.8512596899224805 0.49612403100775193 0.8439922480620154 0.5149501661129569 0.860343992248062 0.5293466223698782 0.880329457364341 0.5370985603543743 0.8682170542635659 0.513842746400886
3 0.051841085271317845 0.5016611295681064 0.059714147286821714 0.521594684385382 0.09120639534883722 0.5326688815060908 0.09907945736434111 0.5238095238095238 0.07606589147286823 0.512735326688815 0.06516472868217056 0.5016611295681064 0.061531007751938 0.4839424141749723
0 0.36312984496124034 0.00221483942414175 0.9209060077519379 0.05204872646733112 0.99921875 0.06940635591798382 0.99921875 0.0 0.31370192307692313 0.0
