3 0.000968992248062029 0.4219269102990033 0.2450339147286822 0.35105204872646734 0.49576065891472865 0.2812846068660022 0.7664728682170543 0.2159468438538206 0.9990310077519379 0.17165005537098563 0.9972141472868217 0.28903654485049834 0.721656976744186 0.34551495016611294 0.45639534883720934 0.4130675526024364 0.19113372093023256 0.48615725359911405 0.0 0.5420336947201422
1 0.0002760600706713781 0.7612317011610298 0.010766342756183746 0.7839475012619889 0.03229902826855124 0.834427057041898 0.04748233215547703 0.8662291771832408 0.05465989399293286 0.8329126703685007 0.06515017667844522 0.8167592125189299 0.07149955830388692 0.8258455325593135 0.0692910777385159 0.8495709237758707 0.06266563604240283 0.878849066128218 0.05962897526501767 0.8874305906108026 0.04472173144876325 0.9005552751135789 0.0378202296819788 0.8924785461887935 0.01297482332155477 0.8425037859666835 0.0008281802120141343 0.8117112569409388
1 0.1598387809187279 0.4936900555275114 0.16922482332155478 0.5093387178192832 0.17585026501766785 0.5259969712266532 0.18606448763250882 0.5446744068652196 0.1902053886925795 0.5653710247349822 0.2081492932862191 0.651691065118627 0.21863957597173145 0.6935890964159516 0.22581713780918727 0.7188288743059061 0.24734982332155475 0.7597173144876325 0.2749558303886926 0.8001009591115599 0.2887588339222615 0.8086824835941443 0.30283789752650175 0.7879858657243816 0.3149845406360424 0.7364967188288744 0.3202296819787986 0.7046945986875315 0.31636484098939927 0.6996466431095406 0.31194787985865724 0.6996466431095406 0.3039421378091873 0.7082281675921251 0.29897305653710243 0.7279151943462897 0.2882067137809187 0.7794043412417971 0.2771643109540636 0.7667844522968198 0.25784010600706714 0.7370015143866734 0.244589222614841 0.7152953054013125 0.23879196113074203 0.6966178697627461 0.23492712014134276 0.6824835941443715 0.20925353356890458 0.5648662291771832 0.20207597173144878 0.49974760222110043 0.21118595406360424 0.4734982332155477
1 0.40912102473498235 0.4230186774356386 0.417678886925795 0.4376577486118122 0.42540856890459366 0.46693589096415944 0.4323100706713781 0.4871277132761232 0.44997791519434627 0.608278647147905 0.4579836572438162 0.6532054517920243 0.47261484098939927 0.6925795053003533 0.4952517667844523 0.7450782433114588 0.5068462897526501 0.7642604745078243 0.5181647526501767 0.768803634528016 0.5372128975265017 0.7470974255426551 0.5648189045936396 0.7092377587077233 0.5609540636042403 0.7021706208985361 0.5579174028268551 0.6971226653205451 0.536660777385159 0.7248864209994952 0.5281029151943463 0.7359919232710752 0.5187168727915195 0.7304391721352852 0.5068462897526501 0.707218576476527 0.48586572438162545 0.6592629984856133 0.47509938162544174 0.6274608783442706 0.4693021201413427 0.5815244825845532 0.450530035335689 0.4442200908632004 0.450530035335689 0.43260979303382135 0.45577517667844525 0.4109035840484604 0.4590878975265017 0.4068652195860676
1 0.6642005300353356 0.35991923271075216 0.6757950530035336 0.37506309944472493 0.6810401943462898 0.3902069661786976 0.688493816254417 0.4331145885916204 0.6970516784452296 0.5537607269056032 0.6998122791519434 0.5830388692579505 0.7089222614840989 0.6168601716304897 0.7282464664310954 0.6673397274103987 0.7431537102473498 0.6971226653205451 0.75723277385159 0.7137809187279152 0.7815260600706714 0.6885411408379607 0.8022305653710248 0.6607773851590105 0.8132729681978799 0.6380615850580514 0.8096841872791518 0.6314992428066633 0.80526722614841 0.6345280161534579 0.7691033568904594 0.6784452296819787 0.7583370141342756 0.6723876829883897 0.7500552120141343 0.6597677940434125 0.7218970848056536 0.5855628470469461 0.7149955830388692 0.5628470469459869 0.7108546819787985 0.4871277132761232 0.7061616607773852 0.41039878849066125 0.7045053003533568 0.381120646138314 0.7064377208480566 0.3629480060575467 0.7127871024734982 0.34427057041898035
1 0.9217645759717314 0.30186774356385665 0.9325309187279152 0.32357395254921756 0.9405366607773852 0.35184250378596665 0.9427451413427562 0.40181726400807677 0.943297261484099 0.4598687531549722 0.9457818021201414 0.5098435133770822 0.9513030035335689 0.5441696113074205 0.9673144876325088 0.5850580514891469 0.9841541519434628 0.613326602725896 0.99921875 0.6374299596163554 0.99921875 0.5986875315497223 0.9852583922261484 0.5704189803129732 0.9755962897526501 0.5502271580010096 0.9659341872791518 0.5295305401312468 0.9595848056537102 0.5133770822816759 0.9587566254416962 0.47703180212014135 0.9582045053003533 0.33619384149419484 0.9609651060070672 0.31852599697122663 0.9659341872791518 0.30186774356385665 0.974768109540636 0.28823826350328113
2 0.05253623188405797 0.8422360248447205 0.05910326086956521 0.850103519668737 0.07065217391304347 0.838095238095238 0.07042572463768115 0.8265010351966873 0.06453804347826086 0.8165631469979296 0.0541213768115942 0.8331262939958591
2 0.2995923913043478 0.725879917184265 0.30751811594202894 0.7296066252587992 0.3188405797101449 0.7146997929606625 0.3199728260869565 0.7022774327122153 0.3154438405797101 0.6997929606625258 0.31114130434782605 0.6989648033126293 0.3029891304347826 0.7101449275362319
2 0.5389492753623188 0.7229813664596273 0.5439311594202898 0.7349896480331263 0.5656702898550725 0.7093167701863353 0.5572916666666666 0.6960662525879917
2 0.7939311594202898 0.6530020703933748 0.795516304347826 0.6662525879917184 0.8029891304347826 0.6616977225672878 0.8143115942028984 0.6385093167701863 0.8091032608695652 0.6322981366459627 0.804800724637681 0.6335403726708074
3 0.04619565217391304 0.8645962732919253 0.03781702898550725 0.8803312629399586 0.03759057971014493 0.8910973084886129 0.0457427536231884 0.8968944099378882 0.06000905797101449 0.8840579710144927 0.04732789855072463 0.8840579710144927 0.04800724637681159 0.8695652173913043
3 0.286231884057971 0.7768115942028986 0.2778532608695652 0.789648033126294 0.2767210144927536 0.8020703933747411 0.28464673913043476 0.8049689440993788 0.2971014492753623 0.7954451345755693 0.302536231884058 0.7875776397515527 0.2925724637681159 0.7884057971014493 0.286911231884058 0.7838509316770186
3 0.5217391304347826 0.7337474120082816 0.5072463768115941 0.7478260869565218 0.5033967391304348 0.7594202898550725 0.5088315217391304 0.7664596273291925 0.5172101449275363 0.7660455486542442 0.5244565217391304 0.7619047619047618 0.5201539855072463 0.74824016563147 0.526268115942029 0.734575569358178
3 0.7606431159420289 0.675776397515528 0.7490942028985507 0.6898550724637681 0.7461503623188406 0.7006211180124223 0.7509057971014492 0.7064182194616977 0.7576992753623187 0.7093167701863353 0.7660778985507246 0.7060041407867494 0.763586956521739 0.6915113871635611 0.764945652173913 0.6799171842650104
