0 0.3363415948275862 0.0006157635467980275 0.6575969827586208 0.36022167487684725 0.99921875 0.7641408484384713 0.99921875 0.8540640394088671 0.7680495689655173 0.5782019704433498 0.6043911637931034 0.38977832512315275 0.3208512931034483 0.06588669950738917 0.2624361203631139 1.0150610510858574e-17
1 0.1147203947368421 0.0022556390977443606 0.10567434210526314 0.03684210526315789 0.09621710526315788 0.08195488721804511 0.09251644736842105 0.12105263157894736 0.11019736842105263 0.13759398496240602 0.1278782894736842 0.09849624060150376 0.11965460526315788 0.08120300751879699 0.13075657894736842 0.030827067669172932 0.13898026315789475 0.0007518796992481202
1 0.28741776315789475 0.02781954887218045 0.2902960526315789 0.09022556390977443 0.280016447368421 0.12556390977443607 0.2664473684210526 0.16390977443609023 0.2553453947368421 0.20526315789473684 0.2475328947368421 0.237593984962406 0.24136513157894735 0.29624060150375936 0.24629934210526314 0.3120300751879699 0.2545230263157895 0.3203007518796992 0.2685032894736842 0.29849624060150376 0.280016447368421 0.2789473684210526 0.2808388157894737 0.2669172932330827 0.2713815789473684 0.25939849624060146 0.2578125 0.281203007518797 0.2557565789473684 0.27669172932330827 0.26398026315789475 0.22481203007518794 0.27590460526315785 0.18571428571428572 0.29399671052631576 0.12631578947368421 0.31085526315789475 0.0932330827067669 0.31866776315789475 0.061654135338345864
1 0.422027587890625 0.18136160714285715 0.416839599609375 0.22209821428571427 0.408599853515625 0.25613839285714285 0.37960815429687506 0.3588169642857143 0.37442016601562506 0.38671875 0.37045288085937506 0.4291294642857143 0.37136840820312506 0.45926339285714285 0.38388061523437506 0.46707589285714285 0.39852905273437506 0.44754464285714285 0.410430908203125 0.4252232142857143 0.407684326171875 0.41517857142857145 0.400970458984375 0.4095982142857143 0.39456176757812506 0.41629464285714285 0.38571166992187506 0.43359375 0.38357543945312506 0.42857142857142855 0.38998413085937506 0.3705357142857143 0.403106689453125 0.3325892857142857 0.411346435546875 0.29966517857142855 0.427520751953125 0.24330357142857142 0.438201904296875 0.23604910714285715 0.447357177734375 0.21316964285714285
1 0.575531005859375 0.35825892857142855 0.575531005859375 0.38058035714285715 0.569732666015625 0.41685267857142855 0.565765380859375 0.43973214285714285 0.545013427734375 0.50390625 0.535858154296875 0.5396205357142857 0.530975341796875 0.5714285714285714 0.528839111328125 0.6121651785714286 0.529144287109375 0.6372767857142857 0.534637451171875 0.6495535714285714 0.546844482421875 0.6551339285714286 0.575531005859375 0.6188616071428571 0.575531005859375 0.6099330357142857 0.568206787109375 0.6021205357142857 0.560577392578125 0.6060267857142857 0.550201416015625 0.6149553571428571 0.544708251953125 0.625 0.543487548828125 0.6060267857142857 0.547454833984375 0.56640625 0.552337646484375 0.5407366071428571 0.575836181640625 0.46372767857142855 0.589874267578125 0.42020089285714285 0.597808837890625 0.41015625 0.604522705078125 0.3872767857142857
1 0.733001708984375 0.5373883928571429 0.736968994140625 0.5641741071428571 0.729949951171875 0.6026785714285714 0.716522216796875 0.6411830357142857 0.699737548828125 0.6813616071428571 0.689666748046875 0.7176339285714286 0.682647705078125 0.7516741071428571 0.675933837890625 0.8108258928571429 0.674407958984375 0.8359375 0.679595947265625 0.8448660714285714 0.688446044921875 0.8543526785714286 0.720794677734375 0.8454241071428571 0.725982666015625 0.8392857142857143 0.724761962890625 0.8342633928571429 0.718658447265625 0.8258928571428571 0.690277099609375 0.8337053571428571 0.689056396484375 0.8247767857142857 0.695465087890625 0.765625 0.701568603515625 0.7315848214285714 0.724761962890625 0.6651785714285714 0.748565673828125 0.6032366071428571 0.756805419921875 0.5915178571428571 0.762908935546875 0.5758928571428571 0.769927978515625 0.5758928571428571
1 0.899932861328125 0.7338169642857143 0.902984619140625 0.78515625 0.895965576171875 0.8058035714285714 0.879180908203125 0.8604910714285714 0.864227294921875 0.9068080357142857 0.857513427734375 0.9369419642857143 0.853546142578125 0.9676339285714286 0.853546142578125 0.9983258928571429 0.868499755859375 0.9972098214285714 0.869110107421875 0.9603794642857143 0.872467041015625 0.9386160714285714 0.891082763671875 0.87890625 0.920074462890625 0.7868303571428571 0.938690185546875 0.7739955357142857
2 0.10576923076923077 0.0912087912087912 0.12439903846153846 0.10879120879120878 0.12890625 0.09725274725274725 0.11237980769230768 0.07527472527472527
2 0.26412259615384615 0.26978021978021977 0.27554086538461536 0.2857142857142857 0.28064903846153844 0.2774725274725275 0.28064903846153844 0.26868131868131867 0.27133413461538464 0.256043956043956
2 0.3948317307692307 0.4181318681318681 0.39663461538461536 0.428021978021978 0.40715144230769235 0.432967032967033 0.41105769230769235 0.42637362637362636 0.40715144230769235 0.4142857142857143 0.4020432692307693 0.40934065934065933
2 0.5603966346153846 0.6082417582417583 0.5594951923076923 0.6192307692307693 0.5709134615384615 0.6241758241758242 0.5763221153846153 0.6203296703296703 0.5763221153846153 0.6098901098901098 0.5679086538461539 0.5994505494505494
2 0.7103365384615384 0.8274725274725274 0.7103365384615384 0.8351648351648352 0.7208533653846153 0.8456043956043956 0.7271634615384615 0.8395604395604395 0.7247596153846153 0.8318681318681318 0.7175480769230769 0.8258241758241759
3 0.09604624155405408 0.09604247104247103 0.09261507601351354 0.11872586872586874 0.11003483952702706 0.13513513513513514 0.09974134290540544 0.1114864864864865 0.10132495777027031 0.09700772200772201
3 0.25414379222972977 0.2833011583011583 0.24728146114864868 0.28137065637065634 0.24200274493243246 0.2857142857142857 0.2427945523648649 0.29922779922779924 0.2459617820945946 0.3079150579150579 0.24965688344594597 0.3141891891891892 0.2557274070945946 0.3161196911196911 0.25124049831081086 0.30405405405405406 0.2499208192567568 0.291023166023166
3 0.3842641469594595 0.4333976833976834 0.37608213682432434 0.4333976833976834 0.3697476773648649 0.4377413127413127 0.37133129222972977 0.4531853281853282 0.3742345861486487 0.459942084942085 0.382152660472973 0.46766409266409265 0.38584776182432434 0.46332046332046334 0.3795133023648649 0.4527027027027027 0.37872149493243246 0.4416023166023166
3 0.5434174408783784 0.6211389961389961 0.5333878800675677 0.6216216216216216 0.5289009712837839 0.6356177606177607 0.5352354307432432 0.6452702702702703 0.5415698902027027 0.6525096525096525 0.5484322212837839 0.652992277992278 0.5407780827702703 0.6389961389961389 0.5450010557432432 0.625965250965251
3 0.6780247043918919 0.8252895752895753 0.6893739442567568 0.8320463320463319 0.6880542652027027 0.8436293436293436 0.6891100084459459 0.8556949806949806 0.6785525760135135 0.8450772200772201 0.6743296030405406 0.8354247104247104 0.6767050253378379 0.8209459459459459
