0 0.5923978365384615 0.0006868131868132009 0.6682692307692308 0.17651098901098902 0.7509014423076923 0.3578296703296703 0.841796875 0.5666208791208791 0.99921875 0.9321325070278558 0.99921875 0.7877747252747254 0.6592190449504484 0.0
1 0.3728109903381643 0.0006901311249137336 0.3663949275362319 0.023464458247066944 0.36073369565217395 0.057280883367839895 0.35733695652173914 0.08902691511387165 0.35884661835748793 0.10697032436162872 0.37356582125603865 0.13043478260869568 0.3879076086956522 0.1352657004830918 0.41206219806763283 0.1352657004830918 0.42715881642512077 0.13664596273291926 0.42527173913043476 0.12215320910973085 0.4154589371980676 0.10006901311249138 0.379981884057971 0.09523809523809525 0.379981884057971 0.0821256038647343 0.3901721014492754 0.03450655624568668 0.39998490338164255 0.0006901311249137336
1 0.6434178743961353 0.12008281573498966 0.6422856280193237 0.15458937198067635 0.6385114734299517 0.1725327812284334 0.6324728260869565 0.1932367149758454 0.6128472222222222 0.22705314009661837 0.5841636473429952 0.2670807453416149 0.5660477053140097 0.30020703933747417 0.5509510869565217 0.32919254658385094 0.5411382850241546 0.36162870945479647 0.5305706521739131 0.412008281573499 0.5256642512077294 0.4451345755693582 0.5252868357487923 0.4699792960662526 0.5434027777777778 0.49620427881297446 0.5724637681159421 0.5037957211870255 0.5992602657004831 0.5065562456866805 0.6003925120772947 0.4927536231884058 0.5905797101449275 0.47550034506556255 0.5445350241545894 0.4679089026915114 0.543780193236715 0.45410628019323673 0.5566123188405797 0.38716356107660455 0.5649154589371981 0.35403726708074534 0.5758605072463768 0.33540372670807456 0.6558725845410629 0.2146307798481712 0.6698369565217391 0.19944789510006902 0.6807820048309179 0.1946169772256729
1 0.8075935990338164 0.48585231193926853 0.8041968599033817 0.5314009661835749 0.7955163043478262 0.5645272601794341 0.785703502415459 0.5797101449275363 0.7189009661835749 0.68391994478951 0.7117300724637682 0.7080745341614907 0.7041817632850241 0.7605244996549345 0.700030193236715 0.800552104899931 0.6992753623188406 0.8253968253968255 0.7034269323671498 0.8481711525189787 0.7136171497584541 0.8605935127674258 0.7366394927536233 0.8709454796411319 0.780042270531401 0.8799171842650103 0.7815519323671498 0.8709454796411319 0.7777777777777779 0.8619737750172533 0.7709842995169083 0.8605935127674258 0.7166364734299517 0.8426501035196687 0.7136171497584541 0.8198757763975155 0.7226751207729469 0.7301587301587302 0.7302234299516909 0.7046238785369221 0.7536231884057971 0.6708074534161491 0.8011775362318841 0.6004140786749483 0.8260869565217392 0.5645272601794341 0.8457125603864736 0.5631469979296067
1 0.9793176328502418 0.8875086266390615 0.9755434782608697 0.9233954451345757 0.9695048309178744 0.9516908212560387 0.9574275362318841 0.9682539682539684 0.9355722647672376 0.9985714285714286 0.9653532608695654 0.9985714285714286 0.979695048309179 0.9751552795031057 0.99921875 0.9684193392971081 0.9981884057971016 0.9254658385093167
2 0.4052687198067633 0.09937888198757766 0.4003623188405797 0.11042097998619738 0.4128170289855072 0.13664596273291926 0.4290458937198068 0.137336093857833 0.4267814009661836 0.12008281573498966 0.41583635265700486 0.10075914423740512
2 0.5834088164251208 0.4761904761904762 0.5803894927536233 0.4899930986887509 0.5932216183574879 0.5072463768115942 0.6000150966183575 0.5093167701863355 0.6026570048309179 0.4920634920634921 0.589447463768116 0.4727398205659076
2 0.7653230676328503 0.8592132505175983 0.7630585748792271 0.8716356107660456 0.7811745169082126 0.8826777087646654 0.7834390096618358 0.8716356107660456 0.7777777777777779 0.8599033816425122 0.7706068840579711 0.8585231193926848
3 0.35809178743961356 0.07936507936507936 0.3814915458937198 0.0966183574879227 0.37507548309178745 0.11180124223602485 0.374320652173913 0.13457556935817805 0.36035628019323673 0.10904071773636992
3 0.5258118872549019 0.4436274509803922 0.5319393382352942 0.44642857142857145 0.5432368259803921 0.4586834733893557 0.5438112745098039 0.4684873949579832 0.5426623774509804 0.48179271708683474 0.5436197916666667 0.4961484593837535 0.5353860294117647 0.4831932773109244 0.5256204044117647 0.4698879551820728
3 0.7048483455882353 0.8224789915966386 0.7155713848039216 0.8361344537815125 0.7159543504901961 0.8427871148459385 0.7153799019607843 0.8581932773109244 0.7123161764705882 0.8592436974789917 0.7033164828431373 0.8480392156862745 0.6994868259803921 0.8382352941176471 0.6985294117647058 0.8245798319327732
