0 0.0021802325581395483 0.27906976744186046 0.4981831395348837 0.2170542635658915 0.767078488372093 0.1904761904761905 0.99921875 0.17610560285160576 0.99921875 0.28239202657807305 0.6120397286821706 0.30564784053156147 0.3607073643410853 0.3322259136212624 0.1560077519379845 0.3576965669988926 0.0 0.3787049198623022
1 0.001273980815347756 0.5542994176087702 0.016261990407673895 0.5947242206235012 0.030500599520383732 0.6272696128811237 0.03911870503597126 0.618705035971223 0.04398980815347726 0.6200753682768072 0.04586330935251802 0.6293251113394999 0.044926558752997635 0.657416923603974 0.030687949640287808 0.6714628297362111 0.02544214628297366 0.6670092497430627 0.00783123501199044 0.6276121959575197 0.0005245803357314489 0.6073997944501541 0.0005245803357314489 0.5597807468311066
1 0.1209907074340528 0.36176772867420354 0.12885941247002403 0.3713600548132922 0.13504196642685856 0.39260020554984587 0.1451588729016787 0.41555327166837963 0.1498426258992806 0.4395340870161014 0.16726618705035975 0.539910928400137 0.1755095923261391 0.5673175745118191 0.1951813549160672 0.6245289482699555 0.2054856115107914 0.6526207605344296 0.21372901678657077 0.6611853374443303 0.22272182254196649 0.6512504282288455 0.2401453836930456 0.632408359027064 0.24164418465227824 0.6269270298047277 0.23770983213429261 0.6207605344295992 0.23246402877697844 0.6235011990407674 0.22215977218225422 0.6358341897910244 0.21597721822541968 0.6265844467283316 0.1959307553956835 0.5690304898937992 0.18225419664268588 0.5289482699554642 0.1652053357314149 0.4234326824254882 0.16014688249400483 0.38985954093867764 0.16014688249400483 0.36622130866735186 0.15621252997601923 0.35834189791024323 0.13504196642685856 0.3607399794450154
1 0.3250149880095924 0.33744433025008563 0.3317595923261391 0.35320315176430284 0.3400029976019185 0.3720452209660842 0.34431205035971224 0.3802672147995889 0.3480590527577938 0.3973963686193902 0.35817595923261397 0.44775608084960605 0.37016636690647486 0.512161699212059 0.37728567146282976 0.5371702637889688 0.3963953836930456 0.5847893114080165 0.41138339328537177 0.6159643713600549 0.4207508992805756 0.6293251113394999 0.42843225419664266 0.6252141144227475 0.4452937649880096 0.6073997944501541 0.4595323741007194 0.5854744775608085 0.45747152278177455 0.578622816032888 0.453537170263789 0.5772524837273039 0.4357389088729017 0.5981500513874615 0.42974370503597126 0.5991778006166495 0.4201888489208633 0.5851318944844125 0.39620803357314155 0.5292908530318602 0.3859037769784173 0.49743062692702983 0.3724145683453238 0.4193216855087359 0.3604241606714629 0.3484069886947585 0.3604241606714629 0.3394998287084618 0.36810551558753 0.3312778348749572
1 0.5582658872901678 0.31243576567317577 0.5644484412470023 0.32545392257622474 0.5691321942446044 0.34052757793764993 0.5732538968824941 0.35183281945871875 0.5788744004796162 0.3614251455978075 0.5809352517985611 0.37958204864679684 0.5938624100719425 0.4905789653991093 0.5979841127098322 0.513532031517643 0.6039793165467626 0.539910928400137 0.6180305755395683 0.5823912298732443 0.6307703836930456 0.6156217882836589 0.641449340527578 0.6296676944158959 0.6525029976019184 0.6265844467283316 0.683228417266187 0.5741692360397397 0.6843525179856116 0.5673175745118191 0.6794814148681055 0.5614936622130867 0.668240407673861 0.5769099006509079 0.6515662470023981 0.605344295991778 0.6421987410071942 0.5964371360054813 0.6313324340527579 0.5721137375813634 0.6167191247002398 0.5286056868790682 0.6084757194244604 0.5056526207605344 0.6045413669064749 0.4765330592668723 0.5983588129496403 0.4134977732100034 0.5934877098321343 0.3638232271325797 0.5921762589928058 0.3230558410414525 0.6032299160671463 0.3059266872216513
1 0.7932029376498801 0.2946214457005824 0.8001348920863309 0.3110654333675916 0.8059427458033573 0.33504624871531347 0.8089403477218224 0.3446385748544022 0.8119379496402879 0.40561836245289484 0.814935551558753 0.4504967454607743 0.8181205035971223 0.4792737238780404 0.8213054556354915 0.49606029462144574 0.8332958633093526 0.5248372730387119 0.8559652278177458 0.5638917437478589 0.8679556354916068 0.5830763960260363 0.8782598920863309 0.5892428914011648 0.8951214028776979 0.5731414868105517 0.9228492206235013 0.5087358684480987 0.9194769184652278 0.5039397053785544 0.9125449640287769 0.5097636176772867 0.9076738609112709 0.5193559438163755 0.8859412470023982 0.5621788283658787 0.883318345323741 0.565604659129839 0.8739508393285371 0.5621788283658787 0.8452862709832134 0.5169578622816033 0.8327338129496402 0.4885234669407332 0.8289868105515588 0.4552929085303186 0.8237410071942446 0.3840356286399452 0.8229916067146282 0.328537170263789 0.824677757793765 0.31757451181911617 0.8402278177458034 0.29256594724220625
2 0.026753597122302197 0.6423432682425488 0.03218675059952042 0.6512504282288455 0.04661270983213433 0.6344638574854402 0.04642535971223025 0.6286399451867077 0.04305305755395687 0.618705035971223 0.03855665467625903 0.6173347036656389 0.028627098321342963 0.6272696128811237
2 0.2245953237410072 0.6330935251798561 0.22909172661870508 0.644741349777321 0.23995803357314155 0.6330935251798561 0.24145683453237413 0.6279547790339157 0.23770983213429261 0.6193902021240151 0.23171462829736217 0.6235011990407674
2 0.4400479616306955 0.5971223021582734 0.443794964028777 0.6091127098321343 0.4494154676258993 0.5998629667694415 0.4589703237410072 0.5854744775608085 0.4570968225419664 0.578622816032888 0.453537170263789 0.5765673175745117 0.44735461630695444 0.5875299760191847
2 0.6671163069544365 0.57930798218568 0.6725494604316546 0.5895854744775608 0.683041067146283 0.5758821514217197 0.6834157673860911 0.5669749914354231 0.6794814148681055 0.5618362452894827 0.6704886091127098 0.5738266529633437
2 0.9069244604316546 0.5220966084275437 0.9123576139088729 0.5292908530318602 0.9179781175059952 0.5220966084275437 0.9232239208633093 0.5066803699897224 0.919664268585132 0.5029119561493662 0.9121702637889688 0.5097636176772867
3 0.022444544364508427 0.6601575882151421 0.027690347721822578 0.6697499143542309 0.031999400479616344 0.6697499143542309 0.04511390887290172 0.6560465912983898 0.04530125899280579 0.6485097636176773 0.030313249400479653 0.6594724220623501 0.026191546762589963 0.6560465912983898
3 0.21766336930455638 0.6306954436450839 0.20679706235011994 0.643371017471737 0.20586031175059957 0.6509078451524495 0.21054406474820148 0.6557040082219938 0.21541516786570747 0.657416923603974 0.22066097122302164 0.6550188420692018 0.21504046762589932 0.644741349777321 0.22122302158273385 0.6351490236382323
3 0.42843225419664266 0.5974648852346695 0.4168165467625899 0.6101404590613224 0.4130695443645084 0.6197327852004111 0.41906474820143885 0.6272696128811237 0.42468525179856115 0.6282973621103117 0.4293690047961631 0.6241863651935594 0.4252473021582734 0.6128811236724906 0.4319919064748201 0.6019184652278178
3 0.6470698441247003 0.6008907159986296 0.6380770383693045 0.6097978759849263 0.6348920863309353 0.6163069544364509 0.6399505395683454 0.6235011990407674 0.644072242206235 0.6258992805755396 0.6541891486810552 0.6193902021240151 0.6485686450839329 0.6097978759849263 0.6500674460431655 0.6039739636861939
3 0.8760116906474821 0.5642343268242549 0.8715152877697842 0.5734840698869477 0.8690797362110312 0.5817060637204522 0.8752622901678657 0.5861596437136005 0.8812574940047961 0.5861596437136005 0.8838803956834532 0.580335731414868 0.8791966426858513 0.5734840698869477 0.8810701438848921 0.565262076053443 0.8741381894484412 0.5649194929770469
