0 0.001574612403100789 0.06423034330011074 0.35646802325581395 0.09413067552602437 0.7077277131782946 0.12735326688815063 0.99921875 0.17259860735666024 0.99921875 0.28460686600221485 0.5526889534883721 0.2159468438538206 0.27834302325581395 0.19379844961240308 0.000968992248062029 0.17829457364341086
1 0.001005901287553648 0.4739423666462293 0.013747317596566524 0.5487431023911711 0.03051233905579399 0.47946045370938073 0.04157725321888412 0.4739423666462293 0.05063036480686696 0.47946045370938073 0.0516362660944206 0.49233599019006746 0.04962446351931331 0.5076640098099325 0.032859442060085835 0.5695892090741875 0.026824034334763946 0.5861434702636419 0.01575912017167382 0.5861434702636419 0.006035407725321888 0.583077866339669 0.002011802575107296 0.5726548129981607
1 0.21962178111587982 0.1912936848559166 0.23839860515021458 0.2599632127529123 0.24074570815450644 0.33047210300429186 0.24074570815450644 0.41508277130594723 0.24409871244635192 0.4708767627222563 0.2521459227467811 0.5033721643163703 0.27762875536480686 0.5554874310239116 0.288693669527897 0.5695892090741875 0.305793991416309 0.5726548129981607 0.31618830472103 0.5554874310239116 0.3336239270386266 0.5009196811771919 0.34603004291845496 0.4537093807480073 0.3446888412017167 0.4414469650521153 0.33530042918454933 0.43838136112814224 0.3282591201716738 0.437155119558553 0.32155311158798283 0.46106683016554256 0.3004291845493562 0.5266707541385653 0.29338787553648066 0.5462906192519926 0.2823229613733905 0.5285101164929491 0.264887339055794 0.4825260576333538 0.2622049356223176 0.4653586756591048 0.25985783261802575 0.3464132434089516 0.261869635193133 0.2851011649294911 0.2689109442060086 0.21643163703249538 0.2813170600858369 0.1912936848559166
1 0.49087982832618027 0.21336603310852237 0.4989270386266094 0.22378908645003065 0.5076448497854077 0.2752912323727774 0.5103272532188841 0.30104230533415083 0.5089860515021459 0.4530962599632128 0.5093213519313304 0.5119558553034947 0.5173685622317596 0.5659104843654199 0.5341335836909871 0.6204782342121398 0.5495574034334764 0.6468424279583078 0.5726931330472103 0.6468424279583078 0.6186292918454935 0.5702023298589822 0.6146056866952789 0.559779276517474 0.6001877682403434 0.5567136725935009 0.5907993562231759 0.5640711220110362 0.5599517167381973 0.6204782342121398 0.5435219957081545 0.5659104843654199 0.5331276824034334 0.5082771305947271 0.5331276824034334 0.4426732066217045 0.5361453862660944 0.29675045984058857 0.5394983905579399 0.25383200490496627 0.5411748927038627 0.22992029429797667 0.5532457081545064 0.21827099938687922
1 0.7711909871244635 0.2507664009809933 0.7809146995708154 0.2679337829552422 0.78862660944206 0.2832618025751073 0.7926502145922747 0.30042918454935624 0.7960032188841202 0.3378295524218271 0.7892972103004292 0.4451256897608829 0.7872854077253219 0.5352544451256898 0.7933208154506437 0.5726548129981607 0.8100858369098713 0.6302881667688535 0.8214860515021458 0.6695278969957081 0.8322156652360515 0.6891477621091354 0.856357296137339 0.6860821581851625 0.8741282188841202 0.6591048436541999 0.9002816523605149 0.6223175965665236 0.9116818669527896 0.6057633353770693 0.9056464592274678 0.5965665236051502 0.8952521459227467 0.592274678111588 0.8845225321888412 0.6094420600858369 0.8442864806866952 0.6640098099325566 0.8335568669527896 0.6431637032495402 0.8151153433476395 0.5775597792765175 0.808744635193133 0.5511955855303495 0.8090799356223176 0.5076640098099325 0.8134388412017166 0.407725321888412 0.8194742489270386 0.31820968730839977 0.8231625536480687 0.29061925199264255 0.831880364806867 0.2544451256897609
2 0.028165236051502146 0.4966278356836296 0.03889484978540773 0.49785407725321884 0.05264216738197425 0.4941753525444512 0.05264216738197425 0.4812998160637645 0.04057135193133047 0.4733292458614347 0.03084763948497854 0.47823421213979156
2 0.32188841201716734 0.45738810545677494 0.32993562231759654 0.4592274678111588 0.34603004291845496 0.4555487431023912 0.34569474248927035 0.4414469650521153 0.33395922746781115 0.4389944819129369 0.3262473175965665 0.4389944819129369
2 0.5911346566523605 0.5695892090741875 0.594487660944206 0.5800122624156959 0.6129291845493562 0.5800122624156959 0.618293991416309 0.5683629675045984 0.6135997854077253 0.5585530349478848 0.6001877682403434 0.5573267933782955
2 0.8878755364806867 0.607602697731453 0.8915638412017166 0.6192519926425505 0.9063170600858369 0.6161863887185776 0.9123524678111588 0.6039239730226854 0.9046405579399142 0.5947271612507664 0.8942462446351931 0.5941140404659718
3 0.8395922746781116 0.6578786020846107 0.8268508583690988 0.6591048436541999 0.8238331545064378 0.6732066217044758 0.8345627682403434 0.6885346413243408 0.8560219957081545 0.6860821581851625 0.8469688841201716 0.6756591048436542 0.8409334763948497 0.6658491722869405
3 0.5586105150214592 0.6161863887185776 0.5455337982832618 0.6223175965665236 0.540168991416309 0.6315144083384426 0.5502280042918455 0.648068669527897 0.5723578326180258 0.6443899448191294 0.5626341201716738 0.6339668914776211
3 0.2890289699570815 0.5413856529736357 0.28165236051502146 0.551808706315144 0.2813170600858369 0.5634580012262416 0.29137607296137336 0.5695892090741875 0.30679989270386265 0.5744941753525444 0.29539967811158796 0.5610055180870631 0.29171137339055797 0.5511955855303495
3 0.011064914163090129 0.5585530349478848 0.0006706008583690987 0.5708154506437768 0.008717811158798282 0.5836909871244634 0.024141630901287552 0.5843041079092581 0.03185354077253219 0.575107296137339 0.01475321888412017 0.5708154506437768
