0 0.001574612403100789 0.1904761904761905 0.2401889534883721 0.2547065337763012 0.6635174418604651 0.3654485049833887 0.99921875 0.46573701068252443 0.99921875 0.5625692137320044 0.6986434108527132 0.47619047619047616 0.26623062015503873 0.36987818383167226 0.0003633720930232693 0.30564784053156147
1 0.14328972868217055 0.3421926910299003 0.15843023255813954 0.36655592469545956 0.1578246124031008 0.41417497231450723 0.15297965116279072 0.5813953488372093 0.16024709302325585 0.6223698781838317 0.19295058139534887 0.7131782945736435 0.22625968992248063 0.7120708748615725 0.2710755813953488 0.6168327796234773 0.24806201550387597 0.5991140642303433 0.2086967054263566 0.6854928017718716 0.18144379844961242 0.6079734219269103 0.18144379844961242 0.5382059800664452 0.19052810077519383 0.34883720930232553
1 0.40310077519379844 0.40753045404208194 0.4164244186046512 0.4341085271317829 0.4127906976744186 0.49612403100775193 0.4073401162790698 0.6035437430786268 0.4097625968992248 0.6566998892580288 0.4200581395348837 0.7043189368770764 0.44488856589147285 0.7630121816168327 0.4654796511627907 0.7729789590254706 0.48243701550387597 0.7663344407530452 0.5284641472868217 0.6810631229235881 0.5042393410852714 0.6688815060908084 0.45700096899224807 0.7486157253599113 0.4321705426356589 0.6622369878183831 0.4315649224806202 0.6190476190476191 0.4418604651162791 0.4496124031007752 0.45033914728682173 0.40863787375415284
1 0.6465600775193798 0.4617940199335548 0.6659399224806202 0.5060908084163898 0.6635174418604651 0.5581395348837209 0.65625 0.6522702104097453 0.6556443798449613 0.698781838316722 0.6683624031007752 0.7475083056478404 0.6944040697674418 0.8006644518272423 0.719234496124031 0.8062015503875968 0.7398255813953488 0.7851605758582503 0.7779796511627908 0.7220376522702104 0.7640503875968992 0.7109634551495017 0.7101501937984496 0.786267995570321 0.6962209302325582 0.7718715393133997 0.6750242248062015 0.7120708748615725 0.6750242248062015 0.6677740863787376 0.6859253875968992 0.5071982281284607 0.6956153100775194 0.4750830564784053
1 0.8905346820809248 0.5334434351775392 0.9009212427745664 0.5689512799339389 0.9036307803468209 0.6102394715111479 0.8945989884393064 0.7184145334434352 0.8950505780346821 0.7621800165152767 0.9149205202312138 0.8216350123864575 0.9320809248554914 0.8604459124690339 0.9505960982658961 0.8678777869529314 0.9645953757225433 0.8620974401321223 0.9984645953757225 0.8092485549132948 0.9984645953757225 0.781998348472337 0.9876264450867053 0.7902559867877786 0.9514992774566474 0.8439306358381503 0.9424674855491328 0.8488852188274154 0.9248554913294799 0.8067712634186622 0.9126625722543352 0.7646573080099092 0.9126625722543352 0.6919900908340215 0.9230491329479769 0.5664739884393063 0.9320809248554914 0.5425268373245252
2 0.24024566473988437 0.6143682906688687 0.26914739884393063 0.6300578034682082 0.2709537572254335 0.6061106523534269 0.24566473988439305 0.5995045417010735
2 0.49959763948497854 0.6787247087676272 0.5083154506437768 0.6873083997547517 0.523739270386266 0.6879215205395462 0.520050965665236 0.6768853464132434 0.5049624463519313 0.6689147762109136
2 0.7594554721030042 0.7173513182096872 0.7661614806866953 0.7290006131207848 0.7778969957081545 0.7326793378295524 0.7778969957081545 0.7240956468424279 0.7658261802575107 0.7118332311465358
3 0.20688036480686695 0.6842427958307786 0.19313304721030042 0.6879215205395462 0.18978004291845493 0.6958920907418761 0.19849785407725323 0.7130594727161251 0.2212982832618026 0.7112201103617413 0.210568669527897 0.6952789699570816
3 0.4600321888412017 0.7449417535254446 0.44762607296137336 0.7461679950950336 0.4409200643776824 0.7584304107909259 0.45164967811158796 0.7682403433476395 0.47243830472103 0.7688534641324339 0.4633851931330472 0.7553648068669528
3 0.7058074034334764 0.7854077253218884 0.700107296137339 0.7854077253218884 0.693401287553648 0.7982832618025751 0.7021190987124463 0.8019619865113427 0.7202253218884119 0.8050275904353157 0.7108369098712446 0.7946045370938074
3 0.9425295064377682 0.8491722869405273 0.9331410944206008 0.8559166155732678 0.9438707081545065 0.8663396689147761 0.9589592274678111 0.8663396689147761 0.9485649141630901 0.8559166155732678
