0 0.001574612403100789 0.2159468438538206 0.3031734496124031 0.14507198228128462 0.6653343023255813 0.06755260243632337 0.998425387596899 0.015503875968992248 0.998425387596899 0.1362126245847176 0.5981104651162791 0.18604651162790697 0.31165213178294576 0.24916943521594684 0.0 0.31297818939014954
1 0.1409254807692308 0.28113553113553114 0.14292868589743593 0.2999084249084249 0.13641826923076927 0.41117216117216115 0.13441506410256415 0.43956043956043955 0.13591746794871798 0.467032967032967 0.1439302884615385 0.5018315018315018 0.16446314102564105 0.5137362637362637 0.17172475961538464 0.4931318681318681 0.18975360576923078 0.41025641025641024 0.18023838141025644 0.39972527472527475 0.1689703525641026 0.3942307692307692 0.16521434294871798 0.40934065934065933 0.15594951923076927 0.44917582417582413 0.15494791666666669 0.4267399267399268 0.16145833333333337 0.3566849816849817 0.16571514423076927 0.2912087912087912 0.17047275641025644 0.27564102564102566
1 0.34174679487179493 0.244047619047619 0.34700520833333337 0.25824175824175827 0.34400040064102566 0.28525641025641024 0.33949318910256415 0.3411172161172161 0.3359875801282052 0.3772893772893773 0.33573717948717957 0.4056776556776556 0.34249799679487186 0.4381868131868132 0.36227964743589747 0.4565018315018315 0.36904046474358976 0.44551282051282054 0.38206129807692313 0.4033882783882784 0.3988381410256411 0.34294871794871795 0.39558293269230776 0.3333333333333333 0.39007411858974367 0.32783882783882784 0.38406450320512825 0.3246336996336996 0.3780548878205129 0.3305860805860806 0.3715444711538462 0.3557692307692307 0.3630308493589744 0.3873626373626373 0.354266826923077 0.41804029304029305 0.3500100160256411 0.39056776556776557 0.3530148237179488 0.35347985347985345 0.36077724358974367 0.28846153846153844 0.36753806089743596 0.2577838827838828 0.3682892628205129 0.23534798534798537
1 0.5548377403846154 0.19917582417582416 0.5600961538461539 0.20558608058608058 0.5600961538461539 0.22435897435897434 0.555839342948718 0.33974358974358976 0.5608473557692307 0.3516483516483516 0.5721153846153846 0.369047619047619 0.5991586538461539 0.38003663003662996 0.6104266826923077 0.37179487179487175 0.6469851762820513 0.2586996336996337 0.6469851762820513 0.24679487179487178 0.6379707532051282 0.2358058608058608 0.6299579326923077 0.23717948717948717 0.6089242788461539 0.3054029304029304 0.5928986378205128 0.3443223443223443 0.5861378205128205 0.3525641025641026 0.5731169871794871 0.3489010989010989 0.5716145833333333 0.33287545787545786 0.5763721955128205 0.23717948717948717 0.5818810096153846 0.21474358974358973 0.5856370192307693 0.19093406593406595
1 0.7791967147435896 0.1575091575091575 0.7852063301282051 0.17445054945054944 0.7849559294871795 0.3118131868131868 0.7844551282051282 0.3333333333333333 0.7934695512820513 0.3626373626373626 0.8137520032051283 0.39377289377289376 0.8307792467948717 0.4056776556776556 0.8412960737179487 0.3992673992673993 0.8530649038461539 0.3713369963369963 0.8821113782051281 0.293040293040293 0.8818609775641025 0.2838827838827839 0.8660857371794872 0.26785714285714285 0.8623297275641025 0.27197802197802196 0.8438000801282051 0.3163919413919414 0.8290264423076923 0.3566849816849817 0.8175080128205128 0.37454212454212454 0.8084935897435898 0.35302197802197804 0.8059895833333334 0.33699633699633696 0.8059895833333334 0.2632783882783883 0.8077423878205128 0.18818681318681318 0.8104967948717949 0.15842490842490842 0.8104967948717949 0.1510989010989011
2 0.16546474358974364 0.40934065934065933 0.17372796474358979 0.41437728937728935 0.19000400641025644 0.41529304029304026 0.18825120192307696 0.4033882783882784 0.17247596153846156 0.3974358974358974
2 0.380058092948718 0.3301282051282051 0.3978365384615385 0.3489010989010989 0.3973357371794872 0.33287545787545786 0.3838141025641026 0.3218864468864469
2 0.6289563301282051 0.2431318681318681 0.6472355769230769 0.2605311355311355 0.6479867788461539 0.2486263736263736 0.6377203525641025 0.2358058608058608 0.6307091346153846 0.2358058608058608
2 0.8593249198717949 0.27884615384615385 0.8638321314102564 0.2875457875457875 0.8816105769230769 0.2967032967032967 0.8841145833333334 0.2857142857142857 0.8768529647435898 0.2774725274725275 0.8665865384615385 0.26877289377289376 0.8568209134615385 0.2774725274725275
3 0.1414262820512821 0.4894688644688645 0.14618389423076927 0.5022893772893773 0.16371193910256415 0.5119047619047619 0.16796875000000006 0.5027472527472527 0.1506911057692308 0.49175824175824173 0.14793669871794873 0.48534798534798534
3 0.35226362179487186 0.4207875457875458 0.34550280448717957 0.429029304029304 0.34400040064102566 0.43864468864468864 0.3627804487179488 0.45787545787545786 0.3682892628205129 0.4482600732600732 0.35251402243589747 0.4322344322344322
3 0.594901842948718 0.34386446886446886 0.5856370192307693 0.35347985347985345 0.5826322115384615 0.35347985347985345 0.5928986378205128 0.37774725274725274 0.6019130608974359 0.3768315018315018 0.6106770833333333 0.36767399267399264
3 0.8182592147435898 0.3740842490842491 0.8112479967948717 0.3740842490842491 0.8074919871794872 0.3836996336996337 0.8162560096153847 0.3923992673992674 0.8307792467948717 0.4061355311355311 0.8402944711538461 0.3965201465201465 0.8242688301282051 0.3836996336996337
