0 0.001574612403100789 0.004429678848283499 0.13602228682170545 0.06090808416389811 0.3831153100775194 0.15614617940199335 0.595687984496124 0.24363233665559245 0.7870639534883721 0.327796234772979 0.99921875 0.4256055201578623 0.99921875 0.5437430786267995 0.747093023255814 0.42524916943521596 0.45700096899224807 0.30564784053156147 0.1729651162790698 0.19933554817275748 0.0 0.13014950166112954 0.0 0.007751937984496124
1 0.1582542539267016 0.19147344801795063 0.1652077879581152 0.22662677636499626 0.16234456806282724 0.27374719521316376 0.1451652486910995 0.38967838444278236 0.13412140052356022 0.4599850411368736 0.1320762434554974 0.5041136873597606 0.13657558900523564 0.5804038893044128 0.13943880890052357 0.6267763649962602 0.14680137434554977 0.637995512341062 0.1713432591623037 0.6447270007479431 0.19670320680628275 0.6222887060583395 0.22329024869109954 0.5893792071802543 0.21551865183246077 0.581151832460733 0.20038448952879584 0.569184741959611 0.18116001308900526 0.5908750934928945 0.1652077879581152 0.6110695587135377 0.1627535994764398 0.5953627524308153 0.16234456806282724 0.5609573672400897 0.15907231675392672 0.5325355272999253 0.15989037958115185 0.481675392670157 0.1709342277486911 0.42109199700822736 0.1962941753926702 0.2655198204936425 0.2007935209424084 0.2101720269259536
1 0.42739692408376956 0.29543754674644723 0.4351685209424083 0.3283470456245325 0.4343504581151832 0.35976065818997754 0.4253517670157068 0.4435302916978309 0.41185373036649214 0.5415108451757666 0.4114446989528796 0.5706806282722513 0.4167621073298429 0.6394913986537023 0.43066917539267013 0.6903515332834704 0.4429401178010471 0.7217651458489154 0.46789103403141363 0.7262528047868361 0.48138907068062825 0.7105459985041136 0.5292457460732984 0.6477187733732236 0.5247464005235603 0.6364996260284218 0.5055219240837696 0.6267763649962602 0.458074280104712 0.6955871353777112 0.4408949607329843 0.6140613313388182 0.439258835078534 0.5654450261780104 0.4625736256544502 0.3769633507853403 0.4723903795811518 0.3081525804038893
1 0.701857002617801 0.4068810770381451 0.7129008507853403 0.4338070306656694 0.7174001963350785 0.462976813762154 0.704720222513089 0.5407629020194464 0.6891770287958114 0.6469708302169035 0.6883589659685863 0.6709050112191473 0.6899950916230366 0.7068062827225131 0.6977666884816753 0.737471952131638 0.7157640706806283 0.8092744951383694 0.7284440445026178 0.8264771877337321 0.7480775523560209 0.8302169035153328 0.7840723167539266 0.7958115183246072 0.8159767670157068 0.7599102468212415 0.8114774214659686 0.7494390426327598 0.8028877617801047 0.7427075542258788 0.7435782068062827 0.8010471204188481 0.7317162958115182 0.8055347793567689 0.7067653795811518 0.6985789080029917 0.7088105366492147 0.6551982049364248 0.7308982329842931 0.5243081525804039 0.7419420811518325 0.44951383694839187 0.7570762434554974 0.4240837696335078
1 0.9660141050583657 0.5258476931628683 0.9882052529182879 0.5686492495831018 0.9854693579766536 0.6053362979433019 0.9708779182879377 0.7515286270150084 0.9696619649805447 0.8110061145080601 0.9827334630350194 0.8438021122846026 0.99921875 0.8936775986659254 0.9982368677042801 0.8488048916064481 0.9894212062256809 0.8143413007226238 0.9882052529182879 0.7748749305169539 0.9991488326848248 0.6698165647581991 0.9991488326848248 0.5425236242356866
2 0.1917558365758755 0.5786548082267927 0.193579766536965 0.595330739299611 0.2172908560311284 0.6003335186214565 0.22002675097276264 0.5897720956086715 0.21607490272373542 0.5769872151195109 0.19965953307392997 0.5730961645358533
2 0.49969601167315175 0.6381322957198443 0.506079766536965 0.6503613118399111 0.5261429961089494 0.6542523624235687 0.5288788910505836 0.6481378543635353 0.5231031128404668 0.6370205669816565 0.5057757782101168 0.6270150083379655
2 0.7939567120622568 0.7526403557531963 0.7988205252918288 0.764313507504169 0.8118920233463035 0.7654252362423569 0.8158438715953308 0.7593107281823236 0.811284046692607 0.7487493051695386 0.8027723735408561 0.7431906614785992
3 0.16378891050583658 0.6081156197887716 0.14494163424124512 0.613118399110617 0.13855787937743191 0.6186770428015564 0.1464615758754864 0.6359088382434686 0.17108463035019456 0.6414674819344081 0.16257295719844359 0.6259032795997777
3 0.45744163424124507 0.6920511395219567 0.44680204280155633 0.6959421901056143 0.43616245136186765 0.7042801556420234 0.4464980544747082 0.7187326292384659 0.4677772373540856 0.7248471372984991 0.45804961089494156 0.708171206225681
3 0.734375 0.8071150639244025 0.7243433852140078 0.8015564202334632 0.7188715953307393 0.8110061145080601 0.7273832684824902 0.8249027237354086 0.7471425097276264 0.8299055030572541 0.7352869649805448 0.8165647581989995
