0 0.001574612403100789 0.9357696566998891 0.17357073643410853 0.707641196013289 0.3382994186046512 0.49612403100775193 0.4987887596899225 0.29457364341085274 0.6459544573643411 0.11627906976744187 0.7404312015503877 0.00221483942414175 0.8730620155038759 0.0 0.7688953488372092 0.12292358803986711 0.5163517441860466 0.42635658914728686 0.35707364341085274 0.6267995570321152 0.17599321705426357 0.8604651162790696 0.06758720930232559 0.9977851605758581 0.000968992248062029 0.9966777408637874
1 0.12270011380880122 0.9275959245610231 0.127679248861912 0.9572946022111424 0.13582424117688469 0.9985714285714286 0.19857264795144158 0.9985714285714286 0.19513467374810317 0.9189247778018643 0.1907482928679818 0.9083026230218947 0.18114567526555386 0.9072187296769999 0.17189871016691957 0.9093865163667896 0.16763088012139607 0.9178408844569695 0.16857928679817907 0.9752872317363972 0.17012044764795145 0.9980489919791892 0.1608825714466357 0.9985714285714286 0.15802826251896812 0.9978322133102103 0.1480699924127466 0.9288965965748971 0.14486911987860396 0.8978972469109039 0.12198880880121396 0.9239106871883807
1 0.3297991071428571 0.6445578231292517 0.3366195436507936 0.6604308390022675 0.34219990079365076 0.6882086167800453 0.3546006944444444 0.761904761904762 0.3620411706349206 0.796485260770975 0.37072172619047616 0.8208616780045351 0.39335317460317454 0.8361678004535148 0.4088541666666667 0.8418367346938777 0.4224950396825397 0.8412698412698413 0.4274553571428571 0.8214285714285714 0.4324156746031746 0.7596371882086167 0.4367559523809524 0.6791383219954649 0.4330357142857143 0.6649659863945578 0.4224950396825397 0.6621315192743764 0.41412450396825395 0.6678004535147393 0.40947420634920634 0.6757369614512472 0.4069940476190476 0.7074829931972789 0.4020337301587301 0.8140589569160999 0.3980034722222222 0.8134920634920635 0.38746279761904756 0.8044217687074829 0.3815724206349206 0.7857142857142857 0.3626612103174603 0.6848072562358276 0.35553075396825395 0.6343537414965986 0.353360615079365 0.6139455782312925
1 0.5499131944444444 0.3622448979591837 0.5616939484126984 0.3820861678004535 0.5737847222222222 0.41496598639455784 0.5988963293650793 0.48299319727891155 0.6106770833333333 0.5056689342403629 0.6215277777777778 0.5124716553287982 0.6788814484126984 0.5209750566893424 0.6940724206349207 0.502267573696145 0.6996527777777778 0.47335600907029474 0.7092633928571429 0.3401360544217687 0.7055431547619048 0.32709750566893425 0.6903521825396826 0.32369614512471656 0.6822916666666667 0.3287981859410431 0.6733010912698413 0.4671201814058957 0.6695808531746031 0.4858276643990929 0.664000496031746 0.49659863945578225 0.6333085317460317 0.5 0.6212177579365079 0.4767573696145125 0.591765873015873 0.39965986394557823 0.5759548611111112 0.3554421768707483 0.570374503968254 0.3356009070294784
1 0.7960689484126984 0.07312925170068027 0.8109499007936508 0.07482993197278912 0.8239707341269842 0.09240362811791383 0.839781746031746 0.11848072562358276 0.8583829365079365 0.14285714285714285 0.8763640873015873 0.1655328798185941 0.8940352182539681 0.17687074829931973 0.9157366071428571 0.177437641723356 0.947358630952381 0.16496598639455784 0.9653397817460319 0.14342403628117914 0.9721602182539681 0.1054421768707483 0.976500496031746 0.017006802721088437 0.976500496031746 0.0 0.9529389880952381 0.0022675736961451248 0.9516989087301587 0.03684807256235828 0.9504588293650794 0.07426303854875282 0.9495287698412698 0.10487528344671203 0.9402281746031746 0.13095238095238096 0.9259672619047619 0.14852607709750565 0.881014384920635 0.15816326530612243 0.8531125992063492 0.11507936507936509 0.8323412698412698 0.0816326530612245 0.8252108134920635 0.05725623582766439 0.814670138888889 0.045351473922902494
2 0.16731144831730768 0.9337225274725274 0.17595027043269232 0.9368131868131867 0.19491811899038464 0.9302884615384616 0.19529371995192307 0.9168956043956045 0.19097430889423078 0.907967032967033 0.17707707331730768 0.9055631868131867 0.16749924879807693 0.9162087912087912
2 0.4082594651442307 0.6871565934065934 0.4180250901442307 0.6909340659340659 0.4364295372596154 0.6912774725274725 0.4373685396634615 0.6778846153846154 0.4326735276442307 0.6631181318681318 0.42009089543269235 0.6634615384615384 0.4122032752403846 0.6641483516483516 0.4086350661057693 0.6751373626373626
2 0.6815091646634615 0.3471840659340659 0.6899601862980769 0.3478708791208791 0.7091158353365384 0.3537087912087912 0.7093036358173077 0.3396291208791209 0.7061110276442307 0.32520604395604397 0.6897723858173077 0.3224587912087912 0.681884765625 0.3272664835164835
3 0.3979304387019231 0.815934065934066 0.39285982572115385 0.8241758241758241 0.3915452223557692 0.838598901098901 0.4018742487980769 0.8399725274725274 0.4184006911057693 0.8410027472527473 0.4244103064903846 0.8334478021978022 0.40750826322115385 0.8276098901098902 0.40206204927884615 0.8155906593406593
3 0.6578463040865384 0.49793956043956045 0.6589731069711539 0.5096153846153846 0.662353515625 0.5178571428571429 0.6779409555288461 0.5195741758241758 0.689208984375 0.5127060439560439 0.6954064002403846 0.5013736263736264 0.6764385516826923 0.49347527472527475 0.669677734375 0.4852335164835165 0.6657339242788461 0.4924450549450549 0.6612267127403846 0.49690934065934067
3 0.9402982271634617 0.13186813186813187 0.9446176382211539 0.14217032967032966 0.9530686598557694 0.15865384615384615 0.9611440805288461 0.1507554945054945 0.9649000901442308 0.1397664835164835 0.9679048978365385 0.12362637362637362 0.956073467548077 0.11813186813186813 0.9481858473557694 0.11092032967032968 0.9449932391826923 0.1201923076923077 0.9434908353365385 0.12637362637362637
