0 0.001574612403100789 0.09856035437430787 0.29348352713178294 0.00221483942414175 0.6828972868217054 0.0011074197120708748 0.001574612403100789 0.1904761904761905
1 0.09599951361867703 0.1623123957754308 0.10907101167315174 0.19955530850472486 0.11454280155642023 0.2178988326848249 0.11515077821011672 0.28849360755975545 0.11727869649805447 0.39077265147304063 0.11758268482490272 0.434130072262368 0.1200145914396887 0.46303501945525294 0.1242704280155642 0.4708171206225681 0.1373419260700389 0.47026125625347415 0.13825389105058367 0.4496942745969984 0.13855787937743191 0.3896609227348527 0.1355179961089494 0.37798777098388 0.1309581712062257 0.3752084491384103 0.1309581712062257 0.24791550861589773 0.13308608949416342 0.20289049471928852 0.1373419260700389 0.17620900500277933 0.13399805447470817 0.15508615897720957
1 0.23613813229571984 0.12006670372429128 0.23796206225680935 0.14785992217898833 0.24252188715953307 0.1728738187882157 0.24495379377431906 0.19677598665925516 0.2495136186770428 0.28404669260700394 0.2537694552529183 0.35241801000555867 0.25650535019455256 0.4013340744858255 0.2580252918287938 0.4313507504168983 0.261977140077821 0.44246803779877714 0.2695768482490272 0.44135630906058926 0.27687256809338523 0.44135630906058926 0.2774805447470817 0.4274596998332407 0.27626459143968873 0.3624235686492496 0.27352869649805445 0.34185658699277377 0.26653696498054474 0.33740967204002226 0.2674489299610895 0.31962201222901615 0.2625851167315175 0.2178988326848249 0.261977140077821 0.1728738187882157 0.2662329766536965 0.15175097276264593 0.2677529182879378 0.13285158421345195 0.2686648832684825 0.1122846025569761
1 0.4227869649805447 0.066147859922179 0.42521887159533067 0.08727070594774876 0.43008268482490275 0.11395219566425792 0.4346425097276264 0.13396331295163982 0.43677042801556415 0.2040022234574764 0.4395063229571984 0.2818232351306282 0.44224221789883267 0.3262923846581435 0.44771400778210113 0.37354085603112847 0.45288180933852135 0.4052251250694831 0.4601775291828793 0.4113396331295164 0.4711211089494163 0.4107837687604225 0.4778088521400778 0.4052251250694831 0.4823686770428015 0.33185102834908287 0.482976653696498 0.29683157309616454 0.47750486381322954 0.28849360755975545 0.4677772373540856 0.292384658143413 0.46078550583657585 0.29294052251250696 0.45622568093385213 0.16064480266814898 0.4559216926070039 0.10728182323513064 0.46048151750972754 0.09116175653140633 0.4601775291828793 0.0633685380767093 0.4601775291828793 0.05391884380211229
1 0.6337548638132295 0.0066703724291272935 0.6443944552529183 0.02056698165647582 0.6446984435797665 0.03668704836020011 0.6474343385214008 0.05780989438576988 0.6516901750972763 0.06948304613674264 0.6510821984435797 0.09616453585325181 0.6504742217898832 0.17454141189549752 0.6495622568093384 0.24235686492495834 0.651386186770428 0.28738187882156757 0.6580739299610895 0.34741523068371316 0.663545719844358 0.3902167871039467 0.6699294747081712 0.41300722623679825 0.6811770428015564 0.415230683713174 0.6915126459143969 0.41411895497498613 0.6985043774319066 0.39355197331851033 0.7121838521400778 0.3424124513618677 0.7158317120622568 0.3229571984435798 0.711271887159533 0.3129516397998888 0.6957684824902723 0.31072818232351307 0.6890807392996109 0.3218454697053919 0.6851288910505836 0.34352418010005564 0.68056906614786 0.35797665369649806 0.675705252918288 0.31183991106170095 0.6723613813229572 0.27959977765425237 0.6720573929961089 0.2134519177320734 0.673273346303502 0.14118954974986103 0.6750972762645915 0.05892162312395776 0.6784411478599222 0.03446359088382435 0.6787451361867705 0.005558643690939411 0.6787451361867705 0.0011117287381878821
2 0.1200145914396887 0.4007782101167316 0.1391658560311284 0.3929961089494164 0.13582198443579768 0.37632017787659816 0.12791828793774318 0.3757643135075042 0.1206225680933852 0.3824346859366315
2 0.2540734435797666 0.3674263479710951 0.27596060311284043 0.35908838243468594 0.272920719844358 0.339633129516398 0.26592898832684825 0.33740967204002226 0.2540734435797666 0.3424124513618677
2 0.46078550583657585 0.2962757087270706 0.4577456225680933 0.30628126737076156 0.4568336575875486 0.3235130628126737 0.4650413424124514 0.3218454697053919 0.482976653696498 0.3123957754307949 0.4832806420233463 0.2951639799888827 0.47568093385214005 0.28849360755975545
2 0.6884727626459144 0.3296275708727071 0.6930325875486381 0.34130072262367983 0.714919747081712 0.33740967204002226 0.717351653696498 0.32073374096720403 0.711271887159533 0.311284046692607 0.6951605058365758 0.311284046692607
3 0.11879863813229571 0.4608115619788772 0.12518239299610895 0.4708171206225681 0.13703793774319067 0.4680377987770984 0.1379499027237354 0.45469705391884385 0.11788667315175097 0.45469705391884385
3 0.25863326848249024 0.42579210672595885 0.27687256809338523 0.42579210672595885 0.27687256809338523 0.44080044469149526 0.2674489299610895 0.44135630906058926 0.2625851167315175 0.44135630906058926 0.25954523346303504 0.4296831573096165
3 0.4495379377431906 0.37743190661478604 0.45288180933852135 0.39966648137854366 0.45804961089494156 0.4080044469149528 0.4686892023346303 0.40689271817676487 0.47811284046692604 0.4018899388549194 0.47841682879377434 0.3902167871039467 0.46139348249027234 0.3896609227348527 0.4559216926070039 0.3752084491384103
3 0.6632417315175096 0.3807670928293497 0.6656736381322956 0.39633129516397997 0.6720573929961089 0.4124513618677043 0.6848249027237354 0.4124513618677043 0.6918166342412452 0.4107837687604225 0.6945525291828794 0.40300166759310735 0.6772251945525292 0.39966648137854366 0.6741853112840467 0.3857698721511952 0.6778331712062257 0.3713173985547527 0.6684095330739299 0.37743190661478604
3 0.9684460116731518 0.3451917732073374 0.9547665369649806 0.3540856031128405 0.9511186770428015 0.368538076709283 0.9641901750972762 0.38465814341300725 0.9854693579766536 0.3796553640911618 0.9924610894941635 0.36964980544747084 0.9730058365758755 0.368538076709283 0.972397859922179 0.3468593663146193
