0 0.0014880952380952328 0.40952380952380946 0.3102678571428571 0.4 0.5520833333333333 0.3972789115646258 0.7953869047619047 0.4040816326530612 0.99921875 0.4161048935703313 0.99921875 0.48571428571428565 0.8363095238095237 0.4789115646258503 0.6688988095238095 0.473469387755102 0.5014880952380952 0.4707482993197279 0.3415178571428571 0.47482993197278905 4.4408920985006264e-17 0.48148760570326204
1 0.0037527292576419215 0.482532751091703 0.0034115720524017464 0.5817217716781036 0.003923307860262008 0.6353711790393013 0.01415802401746725 0.6774797255146601 0.0255867903930131 0.6406737367436057 0.039574235807860264 0.6406737367436057 0.04025655021834061 0.6515907673112914 0.024904475982532752 0.7030567685589519 0.008870087336244541 0.7039925140361821 0.0 0.6802869619463506 0.0 0.4819089207735496
1 0.14465065502183405 0.47972551466001245 0.15300900655021835 0.5131004366812227 0.1535207423580786 0.6175920149719276 0.15488537117903928 0.6384903306300687 0.16051446506550218 0.6703056768558951 0.16512008733624456 0.6862133499688086 0.1707491812227074 0.697130380536494 0.18132505458515286 0.7014971927635684 0.18729530567685587 0.6905801621958827 0.20298853711790393 0.631004366812227 0.20094159388646288 0.6225826575171554 0.19326555676855894 0.6182158452900811 0.1900245633187773 0.6253898939488459 0.1751842248908297 0.6765439800374299 0.17126091703056767 0.665938864628821 0.16477893013100436 0.6341235184029944 0.164096615720524 0.5670617592014973 0.16529066593886463 0.5224578914535246 0.16819050218340612 0.5049906425452276 0.16801992358078602 0.4784778540237055
1 0.3101118995633188 0.47629444791016845 0.31557041484716153 0.5043668122270742 0.31778793668122274 0.6200873362445415 0.32102893013100436 0.6303805364940737 0.33757505458515286 0.6597005614472863 0.3553152292576419 0.6712414223331253 0.35992085152838427 0.6637554585152838 0.37220251091703055 0.631004366812227 0.38277838427947597 0.5917030567685589 0.38124317685589515 0.5848409232688708 0.37629639737991266 0.5801621958827199 0.3716907751091703 0.5804741110417967 0.3626501091703057 0.6079226450405489 0.3517330786026201 0.6428571428571429 0.3450805131004367 0.6534622582657518 0.3338223253275109 0.6363069245165315 0.3287049672489083 0.6238303181534622 0.32768149563318777 0.5524017467248908 0.3280226528384279 0.5180910792264504 0.3327988537117904 0.4890829694323144 0.3348457969432314 0.4759825327510917
1 0.4725027292576419 0.47317529631940114 0.4789847161572053 0.5056144728633811 0.4791552947598253 0.6219588271990019 0.48051992358078605 0.6381784154709919 0.48631959606986896 0.662507797878977 0.4955308406113537 0.6890205864004991 0.5028657205240175 0.6999376169681847 0.5154885371179039 0.7018091079226451 0.5241880458515283 0.6896444167186525 0.5362991266375545 0.6621958827199002 0.5448280567685589 0.6416094822208359 0.5434634279475983 0.6359950093574548 0.5328875545851528 0.6316281971303805 0.5296465611353712 0.6325639426076107 0.50798307860262 0.6824703680598877 0.5045715065502183 0.6721771678103555 0.49621315502183405 0.6453524641297567 0.49399563318777295 0.6275733000623831 0.4945073689956332 0.5408608858390518 0.4957014192139738 0.5006238303181535 0.4972366266375546 0.4713038053649407
1 0.6369405021834061 0.47317529631940114 0.64461653930131 0.4862757330006238 0.6475163755458515 0.5056144728633811 0.6475163755458515 0.5807860262008734 0.6470046397379913 0.6216469120399252 0.6487104257641921 0.6384903306300687 0.652463155021834 0.6534622582657518 0.6635507641921398 0.6830941983780412 0.6713973799126637 0.7011852776044916 0.6841907751091703 0.7055520898315658 0.6935725982532751 0.6958827199001871 0.7193299672489083 0.6409856519026825 0.7162595524017468 0.6363069245165315 0.7087540938864628 0.6316281971303805 0.7068777292576419 0.6325639426076107 0.6787322598253275 0.6877729257641921 0.6754912663755459 0.6799750467872738 0.6633801855895196 0.6469120399251403 0.6599686135371179 0.6272613849033063 0.6613332423580787 0.5502183406113537 0.6628684497816594 0.5006238303181535 0.6644036572052402 0.48939488459139113 0.6654271288209607 0.4737991266375546
1 0.8073485262008733 0.479101684341859 0.8162186135371179 0.49344978165938863 0.8186067139737991 0.511540860885839 0.8189478711790393 0.5701809107922645 0.8191184497816593 0.6163443543356207 0.8203125 0.6331877729257642 0.8242358078602621 0.6503431066749844 0.8295237445414847 0.6628197130380536 0.8491402838427948 0.7014971927635684 0.8557928493449781 0.7077354959451029 0.8631277292576419 0.7105427323767936 0.8743859170305678 0.7008733624454149 0.9025313864628821 0.6431690580162196 0.89860807860262 0.6388022457891454 0.8934907205240175 0.6344354335620711 0.8882027838427948 0.6444167186525265 0.8725095524017468 0.6734248284466625 0.8665393013100436 0.6877729257641921 0.8586926855895196 0.6955708047411104 0.8532341703056769 0.6896444167186525 0.8429994541484715 0.6684341859014348 0.8325941593886462 0.6434809731752963 0.8305472161572052 0.6235184029943855 0.8314001091703057 0.552089831565814 0.8325941593886462 0.506862133499688 0.8331058951965066 0.479101684341859
1 0.9934497816593886 0.48658764815970057 0.9989082969432314 0.49968808484092325 0.9987377183406114 0.4862757330006238
2 0.025266617063492064 0.639172335600907 0.022166418650793652 0.6507936507936508 0.03999255952380952 0.6539115646258503 0.04014756944444444 0.6420068027210885
2 0.18895709325396826 0.6306689342403629 0.2021329365079365 0.6354875283446711 0.20306299603174605 0.6232993197278911 0.19190228174603174 0.6184807256235828
2 0.3700086805555555 0.5881519274376418 0.38178943452380953 0.596655328798186 0.3834945436507936 0.5856009070294785 0.37233382936507936 0.5776643990929705
2 0.5262586805555556 0.641156462585034 0.5433097718253969 0.6476757369614512 0.5456349206349207 0.6357709750566893 0.5298239087301587 0.6292517006802721
2 0.7025049603174602 0.641156462585034 0.7163008432539683 0.6482426303854876 0.720486111111111 0.6377551020408163 0.7073102678571429 0.631235827664399
2 0.8911520337301587 0.639172335600907 0.900607638888889 0.6485260770975056 0.9027777777777779 0.6420068027210885 0.8948722718253969 0.6329365079365079
3 0.01360369609856266 0.67937811674978 0.007828542094455881 0.7016720445878557 0.020341375770020563 0.7025520680551481
3 0.17338295687885014 0.6790847755940158 0.17001411704312117 0.6943385156937518 0.18076232032854211 0.6990319741859783 0.17707263860369613 0.6849515987092989
3 0.34647715605749485 0.6550308008213552 0.34262705338809035 0.6562041654444118 0.3405415811088296 0.6608976239366383 0.35594199178644764 0.6708712232326195
3 0.5081814681724846 0.681431504840129 0.5006416837782341 0.6846582575535348 0.49823536960985626 0.692578468759167 0.504010523613963 0.700498679964799 0.5155608316221766 0.7010853622763273
3 0.6780672484599589 0.6870049867996479 0.6719712525667351 0.689058374889997 0.6692440965092403 0.6952185391610443 0.67469840862423 0.702258726899384 0.6838424024640657 0.7051921384570256
3 0.8553323921971252 0.6937518333822236 0.8501989219712526 0.7019653857436198 0.8567761806981519 0.7072455265473746 0.8630325975359343 0.7092989146377237 0.8599845995893224 0.6943385156937518
