0 0.0018750000000000017 0.41371428571428576 0.299375 0.43771428571428567 0.6331249999999999 0.46628571428571425 0.9299999999999999 0.5074285714285715 0.9724999999999999 0.5154285714285715 0.99921875 0.529063122923588 0.99921875 0.6457142857142857 0.9831249999999999 0.6148571428571429 0.9475 0.608 0.57 0.5668571428571428 0.25875 0.5405714285714286 0.0018750000000000017 0.5268571428571429
1 0.0010122508305648076 0.8728049359278596 0.006981935215946868 0.8955861414333174 0.01191341362126248 0.9055529188419552 0.042280938538206 0.8429046037019459 0.04747196843853822 0.8343616516373992 0.06953384551495019 0.8315140009492169 0.07602263289036547 0.841955386805885 0.06564057308970102 0.8680588514475557 0.03942587209302327 0.9207403891789274 0.02826515780730899 0.93687707641196 0.01606623754152826 0.9383009017560512 0.0010122508305648076 0.940673943996203
1 0.24576931063122923 0.5420028476506882 0.2527772009966777 0.5628856193640247 0.2595255398671096 0.5984812529663027 0.2616019518272425 0.6250593260560038 0.2582277823920266 0.7451352634076887 0.259265988372093 0.8134788799240625 0.2678311877076412 0.8614143331751305 0.29222902823920266 0.9321309919316564 0.3072830149501661 0.9615567157095396 0.33868874584717606 0.9539629805410536 0.38281249999999994 0.864736592311343 0.3804765365448505 0.8580920740389179 0.37502595514950166 0.8533459895586141 0.35452138704318936 0.8571428571428571 0.3493303571428571 0.870906502135738 0.32233700166112955 0.925486473659231 0.31792462624584716 0.9226388229710488 0.2943054401993355 0.849549121974371 0.2880762043189369 0.8196487897484575 0.2888548588039867 0.7176079734219268 0.2930076827242525 0.5842429995253915 0.2930076827242525 0.5614617940199336 0.296641403654485 0.5424774560987184
1 0.5086949750830565 0.559563360227812 0.5175197259136212 0.574750830564784 0.5336119186046512 0.5975320360702421 0.5385433970099667 0.6245847176079734 0.5382838455149501 0.6597057427622212 0.5382838455149501 0.7930707166587565 0.5413984634551495 0.8310393925011864 0.5473681478405316 0.8571428571428571 0.5564524501661129 0.8808732795443759 0.5663154069767441 0.9008068343616517 0.5779952242524916 0.9240626483151398 0.5901941445182723 0.9449454200284764 0.5966829318936877 0.9511153298528713 0.6218594269102989 0.9468438538205979 0.6319819352159468 0.927859515899383 0.6568988787375415 0.874703369719981 0.6706551079734219 0.8500237304224015 0.6709146594684385 0.8395823445657332 0.6644258720930232 0.8319886093972472 0.6530056063122923 0.8357854769814903 0.6483336794019933 0.8438538205980066 0.6192639119601329 0.9022306597057428 0.6081031976744186 0.9264356905552918 0.6003166528239202 0.916468913146654 0.5725446428571428 0.8585666824869482 0.5668345099667774 0.8376839107736116 0.5634603405315615 0.8172757475083057 0.5632007890365448 0.7821547223540579 0.5632007890365448 0.6255339345040342 0.5634603405315615 0.565733270052207
1 0.7721397425249169 0.5856668248694826 0.7926443106312292 0.6264831514000949 0.8006904069767442 0.6421452301850972 0.7975757890365448 0.6858092074038917 0.779407184385382 0.7911722828666349 0.7755139119601329 0.8196487897484575 0.7752543604651162 0.8500237304224015 0.7812240448504982 0.8827717133364973 0.7908274501661129 0.9269102990033221 0.7996522009966777 0.9644043663977219 0.812110672757475 0.9833887043189368 0.8289815199335548 0.9838633127669671 0.8904952242524915 0.9364024679639298 0.8954267026578073 0.9250118652112007 0.8923120847176079 0.9159943046986235 0.8866019518272426 0.9150450878025629 0.8757007890365449 0.9197911722828666 0.8300197259136212 0.9572852396772662 0.8204163205980066 0.9553868058851447 0.8089960548172757 0.9226388229710488 0.7942016196013288 0.8547698149027052 0.7949802740863787 0.8205980066445181 0.8066600913621261 0.7437114380635975 0.816782599667774 0.6853345989558614 0.8198972176079733 0.6421452301850972 0.821454526578073 0.6207878500237304 0.832874792358804 0.6112956810631228 0.846890573089701 0.5923113431419079
2 0.03616971032745595 0.8531845987765382 0.04305730478589424 0.8639798488664987 0.07021410579345091 0.8567830154731918 0.07611775818639802 0.8427491903562433 0.06844301007556677 0.830154731917956 0.04404124685138543 0.8344728319539403
2 0.348669710327456 0.872616048938467 0.3547701511335013 0.8826916156890968 0.3795654911838791 0.8762144656351204 0.3833044710327456 0.8636200071968333 0.3795654911838791 0.8564231738035263 0.37444899244332497 0.8521050737675423 0.35398299748110834 0.8564231738035263
2 0.6452298488664987 0.8513853904282116 0.6527078085642317 0.8611011155091759 0.667860516372796 0.8564231738035263 0.6721898614609572 0.8452680820439007 0.6708123425692695 0.8391507736595897 0.6633343828715365 0.8319539402662828 0.6503463476070529 0.8362720403022669
2 0.8723236775818639 0.9240734077006116 0.8770465994962215 0.9399064411658871 0.8878699622166246 0.9395465994962217 0.8959382871536523 0.923353724361281 0.8912153652392947 0.9125584742713205 0.8801952141057934 0.916156890967974
3 0.010558937054631845 0.9043094672548354 0.0003525831353919409 0.9212758737699356 0.0007237232779097557 0.9412962334577537 0.028930374109263673 0.9375636240244317 0.034126336104513086 0.9273837801153716 0.012785777909738732 0.9270444519850696 0.01371362826603327 0.9053274516457415
3 0.3186052553444181 0.9250084832032576 0.30283179928741094 0.9331523583305057 0.2994915380047506 0.9467254835425857 0.3065432007125891 0.9586019681031558 0.31545056413301664 0.9596199524940617 0.3395746733966746 0.9535120461486256 0.322687796912114 0.9491007804546997 0.3217599465558195 0.9294197488971836
3 0.6030841745843231 0.9219545300305395 0.5921355403800475 0.9290804207668816 0.5874962885985748 0.9392602646759417 0.5941768111638954 0.9460468272819816 0.601228473871734 0.9501187648456056 0.6114348277909739 0.9477434679334916 0.6242391627078385 0.9429928741092637 0.6129193883610451 0.9402782490668476 0.6073522862232779 0.9280624363759755
3 0.8185310273159146 0.9538513742789276 0.8127783551068886 0.9609772650152698 0.807767963182898 0.9738717339667459 0.8148196258907365 0.9830335934848999 0.8259538301662708 0.9799796403121819 0.8326343527315915 0.9782829996606719 0.8272528206650833 0.9609772650152698 0.8213145783847983 0.9579233118425518
