0 0.000968992248062029 0.03211517165005537 0.3576792635658915 0.08859357696566998 0.7162063953488372 0.150609080841639 0.99921875 0.2191678734701991 0.99921875 0.3266888150609081 0.6532218992248062 0.2513842746400886 0.26320251937984496 0.18936877076411962 0.0 0.16066831255651398
1 0.2038517441860465 0.18161683277962348 0.2238372093023256 0.24031007751937986 0.22504844961240314 0.31672203765227025 0.21899224806201553 0.4219269102990033 0.21596414728682173 0.5005537098560354 0.22080910852713181 0.5570321151716501 0.24140019379844962 0.6677740863787376 0.2541182170542636 0.6722037652270211 0.28439922480620156 0.663344407530454 0.32618701550387597 0.6223698781838317 0.3195251937984496 0.6135105204872647 0.3037790697674419 0.6112956810631229 0.26865310077519383 0.6489479512735327 0.2565406976744186 0.6212624584717608 0.23958333333333334 0.5027685492801772 0.24442829457364343 0.4418604651162791 0.2535125968992248 0.30564784053156147 0.25472383720930236 0.22702104097452933 0.2619912790697675 0.18604651162790697
1 0.49697189922480617 0.22812846068660025 0.5163517441860466 0.2978959025470653 0.5133236434108527 0.3433001107419712 0.5084786821705427 0.4684385382059801 0.5084786821705427 0.5326688815060908 0.5211967054263565 0.602436323366556 0.545421511627907 0.6710963455149501 0.5641957364341085 0.6910299003322259 0.5896317829457365 0.6866002214839424 0.641109496124031 0.6046511627906976 0.6332364341085271 0.5957918050941307 0.6211240310077519 0.5957918050941307 0.608406007751938 0.6135105204872647 0.5726744186046512 0.6566998892580288 0.5545058139534884 0.6212624584717608 0.5351259689922481 0.5614617940199336 0.5339147286821706 0.469545957918051 0.5436046511627908 0.2967884828349945 0.5429990310077519 0.2735326688815061 0.5593507751937985 0.23145071982281284
1 0.7852470930232558 0.283499446290144 0.799781976744186 0.31007751937984496 0.8094718992248062 0.34662236987818384 0.7906976744186046 0.5448504983388703 0.7913032945736435 0.5791805094130675 0.8064437984496123 0.6356589147286822 0.8330910852713178 0.7065337763012182 0.8464147286821705 0.7153931339977851 0.8670058139534882 0.7087486157253599 0.9245397286821705 0.646733111849391 0.9215116279069766 0.6356589147286822 0.9148498062015504 0.636766334440753 0.8506540697674417 0.699889258028793 0.8391472868217054 0.6832779623477298 0.8088662790697674 0.5858250276854928 0.8088662790697674 0.5459579180509413 0.8221899224806201 0.4174972314507198 0.8306686046511628 0.33554817275747506 0.8536821705426355 0.28903654485049834
1 0.0003633720930232693 0.5526024363233666 0.02156007751937986 0.5060908084163898 0.014898255813953501 0.49280177187153934 0.000968992248062029 0.49280177187153934
2 0.013687015503875983 0.5227021040974529 -2.7755575615628915e-18 0.5066843853820597 0.0 0.49169435215946844 0.01429263565891474 0.49169435215946844 0.025193798449612413 0.5060908084163898
2 0.2916666666666667 0.6256921373200443 0.3025678294573644 0.6334440753045405 0.3231589147286822 0.627906976744186 0.32618701550387597 0.6201550387596899 0.3195251937984496 0.6112956810631229 0.30438468992248063 0.6112956810631229
2 0.608406007751938 0.6146179401993356 0.6174903100775194 0.6267995570321152 0.6350532945736435 0.6212624584717608 0.641109496124031 0.6046511627906976 0.6344476744186046 0.5913621262458472 0.6174903100775194 0.5913621262458472
2 0.9081879844961239 0.64562569213732 0.9233284883720929 0.6566998892580288 0.9263565891472867 0.646733111849391 0.9221172480620154 0.6323366555924695 0.9148498062015504 0.6323366555924695
3 0.26284804502369663 0.6438727149627624 0.23767031990521326 0.6513202437373053 0.246926836492891 0.6736628300609344 0.2832123815165877 0.6668923493568043 0.26173726303317535 0.6553825321597834
3 0.5672023104265402 0.6533513879485444 0.5542431872037914 0.6560595802301964 0.5479487559241706 0.6702775897088694 0.5586863151658767 0.6851726472579553 0.5879369075829384 0.6844955991875423 0.5927502962085308 0.6750169262017603 0.5760885663507109 0.6770480704129993 0.5694238744075829 0.6641841570751523 0.573126481042654 0.6601218686526744
3 0.8423059834123224 0.6885578876100203 0.8256442535545025 0.6946513202437373 0.8367520734597157 0.7183480027081923 0.8526732819905213 0.7176709546377793 0.8652621445497631 0.7095463777928234 0.8530435426540285 0.6980365605958023 0.844527547393365 0.6993906567366284 0.8434167654028437 0.6878808395396074
