0 0.001574612403100789 0.0697674418604651 0.1445009689922481 0.0 0.4727470930232558 0.0 0.18568313953488375 0.12403100775193798 0.0 0.21442665861270513
1 0.0003633720930232693 0.477297895902547 0.017926356589147298 0.5315614617940199 0.03625408496732026 0.5792094615624027 0.04084967320261438 0.575785869903517 0.047828159041394334 0.580765639589169 0.054976851851851846 0.6087768440709618 0.06229575163398693 0.6361655773420479 0.06348720043572985 0.652349828820417 0.05821078431372549 0.6585745409274821 0.05004084967320262 0.6679116090880797 0.04357298474945534 0.6713352007469655 0.03829656862745098 0.6657329598506069 0.028084150326797386 0.6361655773420479 0.0005693319838057255 0.5633314054366685
1 0.13657641700404863 0.1474840948525159 0.14827935222672067 0.16194331983805665 0.156503036437247 0.1925968768074031 0.16820597165991907 0.21978021978021978 0.17579706477732798 0.23481781376518215 0.18718370445344135 0.28166570271833424 0.20584514170040494 0.36437246963562747 0.22229251012145754 0.4366685945633314 0.23810728744939275 0.4835164835164835 0.26530870445344135 0.5639097744360901 0.2766953441295547 0.5968768074031232 0.2861842105263158 0.6072874493927125 0.30705971659919035 0.5864661654135338 0.3159159919028341 0.5373048004626951 0.31212044534412964 0.5263157894736842 0.3086411943319839 0.523423944476576 0.29440789473684215 0.5367264314632736 0.28934716599190285 0.550028918449971 0.27922570850202433 0.5216888374783111 0.24981022267206482 0.43435511856564485 0.24316801619433207 0.4089068825910931 0.21849696356275308 0.30190861769809135 0.19667257085020245 0.19895893580104101 0.19477479757085023 0.17813765182186234 0.19129554655870448 0.15095430884904568 0.18686740890688264 0.12377096587622903
1 0.4190283400809717 0.016194331983805665 0.4319964574898785 0.03528050896471949 0.4478112348178137 0.06766917293233082 0.4601467611336032 0.09658762290341237 0.4920926113360323 0.24060150375939848 0.5110703441295547 0.32272990167727006 0.5177125506072875 0.3499132446500867 0.5420673076923077 0.4054366685945633 0.5711664979757085 0.46327356853672635 0.5872975708502024 0.4869866975130133 0.5955212550607287 0.49103528050896467 0.6186108299595141 0.4661654135338345 0.645495951417004 0.388663967611336 0.6407515182186235 0.3770965876229034 0.6255693319838056 0.39329091960670903 0.6170293522267206 0.4089068825910931 0.603744939271255 0.4453441295546558 0.5964701417004049 0.437246963562753 0.5683198380566801 0.3799884326200116 0.5509235829959513 0.34355118565644877 0.5398532388663967 0.31694621168305376 0.5129681174089069 0.19722382880277617 0.4803896761133603 0.034123770965876224 0.47501265182186236 0.000578368999421631
1 0.8394607843137255 0.0021008403361344537 0.864736519607843 0.17857142857142858 0.8739276960784312 0.22338935574229693 0.8965226715686274 0.2976190476190476 0.9240962009803921 0.3592436974789916 0.9539675245098038 0.4047619047619047 0.9658394607843137 0.4019607843137255 0.9907322303921567 0.37184873949579833 0.9991574754901962 0.3438375350140056 0.9991574754901962 0.29341736694677867 0.9689031862745099 0.3669467787114846 0.9585631127450981 0.3641456582633053 0.9432444852941175 0.338235294117647 0.9221813725490196 0.2913165266106442 0.9026501225490196 0.24439775910364145 0.8926930147058825 0.21358543417366946 0.8785232843137255 0.11554621848739495 0.8670343137254901 0.03641456582633053 0.8628216911764707 0.0028011204481792717
2 0.027906128404669245 0.6164535853251807 0.05161721789883268 0.5925514174541412 0.04766536964980543 0.5797665369649806 0.04067363813229571 0.5742078932740411 0.029122081712062244 0.5831017231795442 0.022130350194552516 0.5964424680377988
2 0.2878161478599222 0.5525291828793775 0.29450389105058367 0.5658699277376321 0.3157830739299611 0.5430794886047805 0.3166950389105058 0.5336297943301835 0.3115272373540856 0.5208449138410228 0.28994406614785995 0.5408560311284047 0.28994406614785995 0.5408560311284047
2 0.6142996108949416 0.41745414118954977 0.6234192607003891 0.4313507504168983 0.6404426070038911 0.40300166759310735 0.6456104085603113 0.3885491939966649 0.6404426070038911 0.3746525847693163 0.6246352140077821 0.39355197331851033 0.6155155642023347 0.40633685380767093
3 0.03763375486381322 0.66147859922179 0.061344844357976644 0.6370205669816565 0.06408073929961089 0.6536964980544747 0.04401750972762645 0.6742634797109506
3 0.28751215953307396 0.547526403557532 0.2732247081712062 0.5780989438576988 0.27687256809338523 0.5975541967759868 0.28447227626459143 0.6053362979433019 0.3081833657587549 0.5869927737632018 0.29055204280155644 0.5892162312395776 0.28325632295719844 0.5797665369649806
3 0.6003161478599222 0.443023902167871 0.5826848249027237 0.4652584769316287 0.5814688715953308 0.4830461367426348 0.5890685797665369 0.4858254585881045 0.5978842412451362 0.48860478043357425 0.60244406614786 0.4830461367426348 0.6200753891050583 0.46581434130072263 0.6082198443579767 0.46581434130072263 0.6012281128404668 0.4524735964424681
3 0.9605423151750972 0.36575875486381326 0.9459508754863813 0.37798777098388 0.9444309338521402 0.39077265147304063 0.9532465953307392 0.39966648137854366 0.962670233463035 0.39966648137854366 0.9778696498054474 0.3885491939966649 0.9678380350194553 0.3729849916620345
