0 0.001574612403100789 0.22702104097452933 0.2541182170542636 0.2170542635658915 0.5993217054263565 0.2104097452934662 0.915455426356589 0.22148394241417496 0.99921875 0.22795579679628158 0.99921875 0.31672203765227025 0.6302083333333333 0.30897009966777406 0.30559593023255816 0.3211517165005537 0.032461240310077535 0.3344407530454042 0.000968992248062029 0.33665559246954596 0.0 0.29280177187153866
1 0.03291617298578194 0.3358158429248477 0.026251481042653978 0.3568043331076507 0.027732523696682415 0.3845633039945836 0.04661581753554498 0.5910629654705485 0.05253998815165871 0.6154366960054164 0.07290432464454971 0.6574136763710224 0.10030361374407577 0.7041299932295193 0.12696238151658762 0.6479350033852405 0.14288359004739332 0.6283006093432634 0.1502888033175355 0.6377792823290453 0.14103228672985776 0.6648612051455653 0.11585456161137435 0.7169939065673663 0.08919579383886252 0.7413676371022343 0.07882849526066346 0.7332430602572783 0.02958382701421796 0.6391333784698714 0.019586789099526016 0.6059580230196344 0.0032953199052132196 0.41841570751523366 0.0 0.3340555179417752
1 0.258181330472103 0.3243408951563458 0.27259924892703863 0.3586756591048436 0.2759522532188841 0.3740036787247088 0.27964055793991416 0.4334763948497854 0.28165236051502146 0.5058246474555487 0.28265826180257514 0.5726548129981607 0.29037017167381973 0.6063764561618639 0.31216469957081544 0.6615573267933783 0.3322827253218884 0.7050889025137952 0.3480418454935622 0.7118332311465358 0.36514216738197425 0.6958920907418761 0.387607296137339 0.6640098099325566 0.4094018240343347 0.6266094420600858 0.4053782188841201 0.6180257510729613 0.3909603004291845 0.627835683629675 0.35575375536480686 0.6824034334763949 0.346700643776824 0.6725935009196812 0.32390021459227464 0.6259963212752913 0.30713519313304716 0.5781729000613121 0.3031115879828326 0.4678111587982832 0.30143508583690987 0.3690987124463519 0.3074704935622318 0.3507050889025138 0.31216469957081544 0.31698344573881054
1 0.5140155579399142 0.31453096259963215 0.5250804721030042 0.33476394849785407 0.5311158798283262 0.35806253832004903 0.5348041845493562 0.3776824034334764 0.5314511802575107 0.5236051502145922 0.5331276824034334 0.5469037400367872 0.5384924892703863 0.5671367259350092 0.5465396995708154 0.5990190067443286 0.556598712446352 0.6204782342121398 0.5700107296137339 0.6486817903126916 0.5800697424892703 0.6621704475781729 0.5887875536480687 0.6658491722869405 0.597505364806867 0.6584917228694052 0.6122585836909871 0.6443899448191294 0.6514887339055794 0.5928877988963825 0.6558476394849786 0.583077866339669 0.6514887339055794 0.5763335377069283 0.6444474248927039 0.5855303494788473 0.6203057939914163 0.6149601471489884 0.5964994635193133 0.6407112201103616 0.5867757510729613 0.6370324954015941 0.5793991416309012 0.6253832004904966 0.5545869098712446 0.5585530349478848 0.5492221030042919 0.5346413243408952 0.5492221030042919 0.489883507050889 0.5529104077253219 0.3525444512568976 0.5716872317596566 0.3102391171060699
1 0.7550965665236051 0.3102391171060699 0.7651555793991416 0.33721643163703247 0.771526287553648 0.3709380748007357 0.7634790772532188 0.5095033721643163 0.7644849785407726 0.5358675659104843 0.7698497854077253 0.5610055180870631 0.7809146995708154 0.5910484365419987 0.8033798283261803 0.6437768240343348 0.8114270386266094 0.6535867565910484 0.8275214592274678 0.6468424279583078 0.8456276824034334 0.6235438381361128 0.8761400214592274 0.5806253832004905 0.8701046137339056 0.572041692213366 0.8576984978540771 0.5861434702636419 0.8234978540772533 0.630901287553648 0.8107564377682402 0.618638871857756 0.7936561158798283 0.5793991416309013 0.7822559012875536 0.545677498467198 0.7792381974248926 0.5168608215818516 0.7852736051502146 0.4028203556100552 0.7876207081545064 0.35744941753525444 0.7970091201716738 0.3390557939914163 0.805726931330472 0.31146535867565905
1 0.943535407725322 0.3157572041692213 0.9603004291845494 0.34518700183936235 0.9653299356223176 0.35806253832004903 0.9592945278969957 0.510116492949111 0.9636534334763948 0.5438381361128142 0.9774007510729614 0.5738810545677498 0.9981893776824033 0.6180257510729613 0.9988599785407726 0.5861434702636419 0.9824302575107297 0.551808706315144 0.971030042918455 0.5248313917841815 0.9706947424892703 0.4757817290006131 0.9774007510729614 0.3648068669527897 0.9934951716738197 0.31820968730839977
2 0.12276785714285714 0.6580498866213152 0.1307043650793651 0.6698412698412699 0.1498015873015873 0.6480725623582767 0.15153769841269843 0.6390022675736962 0.1416170634920635 0.6253968253968254 0.12624007936507936 0.6426303854875284
2 0.38427593659942366 0.6401811445039111 0.3892291066282421 0.6500617538081515 0.40814121037463974 0.6319473034170441 0.40926693083573484 0.6253602305475504 0.40521433717579247 0.6187731576780567 0.38945425072046114 0.6286537669822972
2 0.6366624639769453 0.5961300946891724 0.6427413544668588 0.6064223960477563 0.6569254322766571 0.5821325648414986 0.6512968299711815 0.5747221078633182 0.6409402017291066 0.5870728694936188
2 0.8573036743515849 0.5887196377109922 0.8631574207492795 0.6010703993412927 0.8708123198847263 0.5870728694936188 0.8766660662824208 0.5800741045697818 0.8708123198847263 0.5701934952655413 0.8651837175792508 0.579250720461095
3 0.0945154899135447 0.7002881844380403 0.07920569164265133 0.7122272540139974 0.07470280979827093 0.7241663235899547 0.08168227665706056 0.7352820090572251 0.08956231988472627 0.7385755454919719 0.09856808357348708 0.7344586249485384 0.11635446685878965 0.7167558666117744 0.1068984149855908 0.7146974063400576 0.10036923631123922 0.7076986414162206
3 0.3466768731988473 0.6722931247426924 0.3336185158501441 0.6809386578839028 0.3275396253602306 0.6949361877315767 0.33474423631123923 0.7048167970358171 0.34375000000000006 0.7089337175792506 0.35613292507204614 0.7052284890901604 0.36513868876080696 0.6937011115685467 0.3554574927953891 0.6817620419925895
3 0.5869056195965417 0.6360642239604776 0.579250720461095 0.6418279127212844 0.5749729827089337 0.655413750514615 0.5817273054755043 0.663647591601482 0.5905079250720461 0.6611774392754219 0.5988382564841499 0.6595306710580485 0.5956862391930835 0.6434746809386578
3 0.8125 0.6200082338410868 0.8046199567723343 0.6282420749279539 0.8023685158501441 0.6393577603952243 0.8091228386167147 0.648414985590778 0.8170028818443804 0.6525319061342116 0.8246577809798271 0.6492383696994648 0.8278097982708934 0.6467682173734046 0.8230817723342939 0.6335940716344175 0.8210554755043228 0.6298888431453273 0.8161023054755043 0.6286537669822972
