0 0.0006813226744186047 0.0303156146179402 0.03815406976744186 0.0004152823920265781 0.1828215843023256 0.0008305647840531562 0.0009084302325581396 0.13579734219269105
1 0.046557049418604654 0.09759136212624585 0.05586845930232558 0.11669435215946844 0.06359011627906977 0.13039867109634554 0.06722383720930233 0.1590531561461794 0.08130450581395349 0.2674418604651163 0.07471838662790697 0.26827242524916944 0.07267441860465115 0.27782392026578073 0.07449127906976745 0.2919435215946844 0.08221293604651163 0.33637873754152825 0.08743640988372094 0.36212624584717606 0.09220566860465117 0.3700166112956811 0.09947311046511628 0.36794019933554817 0.10946584302325582 0.36669435215946844 0.11105559593023255 0.3534053156146179 0.10719476744186048 0.29900332225913623 0.1001544331395349 0.23920265780730898 0.08834484011627906 0.14285714285714285 0.08675508720930233 0.11461794019933555 0.08448401162790697 0.0872093023255814 0.08402979651162791 0.0739202657807309 0.08425690406976745 0.06893687707641195
1 0.18373001453488375 0.0008305647840531562 0.1869095203488372 0.016196013289036543 0.19190588662790697 0.03529900332225914 0.19599382267441862 0.05647840531561462 0.21915879360465115 0.22591362126245848 0.22506359011627905 0.2612126245847176 0.23346656976744184 0.2994186046511628 0.24005268895348836 0.3064784053156146 0.257312863372093 0.2977574750830565 0.25844840116279066 0.27906976744186046 0.2554960029069767 0.23421926910299004 0.25367914244186046 0.2097176079734219 0.24777434593023256 0.2026578073089701 0.2389171511627907 0.20224252491694353 0.22506359011627905 0.08970099667774085 0.21847747093023256 0.03612956810631229 0.21893168604651164 0.01661129568106312 0.21893168604651164 0.0004152823920265781
1 0.4047056686046512 0.0008305647840531562 0.4060683139534884 0.02159468438538206 0.4122002180232558 0.06686046511627908 0.4181050145348837 0.11046511627906977 0.42718931686046513 0.1478405315614618 0.4344567587209302 0.17109634551495015 0.4412699854651163 0.18604651162790697 0.4474018895348837 0.19102990033222592 0.46034702034883723 0.19144518272425248 0.4655704941860465 0.17566445182724252 0.46875 0.10382059800664452 0.46875 0.08181063122923589 0.4651162790697675 0.07350498338870433 0.4567132994186046 0.07142857142857142 0.452171148255814 0.07599667774086379 0.4494458575581396 0.08471760797342193 0.4474018895348837 0.11627906976744186 0.445812136627907 0.15282392026578073 0.4371820494186046 0.12001661129568106 0.4324127906976744 0.0963455149501661 0.4269622093023256 0.051079734219269105 0.4219658430232558 0.013704318936877076 0.4210574127906977 0.0016611295681063123
1 0.6120548691860466 0.0004152823920265781 0.6161428052325582 0.014950166112956811 0.6238644622093024 0.03446843853820598 0.6309047965116279 0.05232558139534883 0.638172238372093 0.06644518272425248 0.6447583575581396 0.07475083056478406 0.6499818313953488 0.07641196013289037 0.661110101744186 0.07225913621262459 0.6638353924418605 0.0606312292358804 0.666560683139535 0.03986710963455149 0.6688317587209303 0.0008305647840531562 0.647029433139535 0.0 0.647029433139535 0.018687707641196014 0.6452125726744187 0.03862126245847176 0.6388535610465117 0.024086378737541526 0.6320403343023255 0.0070598006644518275 0.6293150436046512 0.0012458471760797341
2 0.08183542216358838 0.2661138333961553 0.08884399736147756 0.2638522427440633 0.09482189973614776 0.26573690162080665 0.09812005277044855 0.2793064455333585 0.09626484168865436 0.288729739917075 0.07606365435356201 0.29438371654730494 0.07317777044854881 0.2857142857142857 0.07317777044854881 0.27327553712777986 0.07668205804749341 0.26799849227289857
2 0.23829155672823216 0.20316622691292877 0.2314891160949868 0.2088202035431587 0.22736642480211083 0.2167357708254806 0.22798482849604224 0.235205427817565 0.2321075197889182 0.23558235959291368 0.25354551451187335 0.22389747455710518 0.25437005277044855 0.20919713531850737 0.24777374670184696 0.20128156803618547
2 0.44957948548812665 0.09159442140972483 0.45349604221635886 0.10064078401809273 0.4695745382585752 0.09310214851111949 0.4691622691292876 0.07990953637391632 0.4650395778364116 0.07161703731624576 0.4565880606860159 0.07048624199019977 0.45019788918205805 0.07727101394647569
3 0.08698878627968337 0.35959291368262347 0.10780837730870711 0.35243120995099886 0.10842678100263851 0.32604598567659254 0.10986972295514512 0.34376177911797967 0.11131266490765171 0.35280814172634756 0.10966358839050132 0.36637768563889933 0.10327341688654354 0.36826234451564266 0.09337895778364116 0.3697700716170373 0.08966853562005277 0.3652468903128534
3 0.22922163588390504 0.2796833773087071 0.2331381926121372 0.2955145118733509 0.236436345646438 0.30380701093102147 0.24509399736147758 0.3034300791556728 0.25230870712401055 0.2996607614021862 0.25828660949868076 0.2989068978514889 0.25890501319261217 0.2830757632868451 0.2366424802110818 0.2868450810403317 0.232313654353562 0.2751601960045232
3 0.44566292875989444 0.15303430079155672 0.43679914248021107 0.1658499811534112 0.43782981530343007 0.17941952506596306 0.4415402374670185 0.1880889558989823 0.44710587071240104 0.1907274783264229 0.45370217678100266 0.19148134187712024 0.4596800791556729 0.1895966830003769 0.4623598284960422 0.18545043347154164 0.4642150395778364 0.1760271390878251 0.44813654353562005 0.17414248021108178
3 0.6452011873350924 0.0395778364116095 0.6363374010554089 0.04824726724462872 0.6353067282321899 0.06257067470787787 0.6416968997361477 0.07199396909159443 0.6462318601583114 0.07274783264229175 0.6530343007915567 0.07274783264229175 0.6600428759894459 0.07086317376554843 0.6627226253298153 0.0652091971353185 0.6637532981530343 0.06068601583113457 0.6487054749340369 0.0603090840557859 0.6454073218997362 0.049754994346023367
