0 0.0021802325581395483 0.8981173864894795 0.169937015503876 0.7641196013289036 0.421875 0.5758582502768549 0.7186288759689923 0.36323366555924697 0.99921875 0.1774638179249245 0.99921875 0.3122923588039867 0.7125726744186046 0.5038759689922481 0.4485222868217054 0.6910299003322259 0.20990794573643412 0.8693244739756366 0.03320312499999978 0.9985714285714286 0.0003633720930232693 0.9966777408637874
1 0.16530885214007782 0.8638132295719845 0.17990029182879377 0.8804891606448028 0.18354815175097278 0.8943857698721512 0.19388375486381323 0.9977765425236244 0.2786964980544747 0.9977765425236244 0.2771765564202335 0.9888827126181213 0.2695768482490272 0.9849916620344635 0.25954523346303504 0.9849916620344635 0.2531614785992218 0.9983324068927183 0.21820282101167315 0.9938854919399668 0.2109071011673152 0.9105058365758756 0.21060311284046693 0.8554752640355754 0.21060311284046693 0.839355197331851 0.2036113813229572 0.8349082823790995 0.20695525291828795 0.8193440800444692 0.16378891050583658 0.8488048916064481
1 0.4179231517509727 0.6592551417454142 0.41640321011673154 0.6759310728182324 0.41640321011673154 0.6920511395219567 0.432818579766537 0.7031684269038355 0.4404182879377432 0.7142857142857144 0.44376215953307396 0.736520289049472 0.45288180933852135 0.8121178432462479 0.4592655642023346 0.8560311284046694 0.4656493190661478 0.8799332962757088 0.48206468871595326 0.9049471928849362 0.49787208171206226 0.9193996664813786 0.5197592412451362 0.9244024458032242 0.5285749027237354 0.9099499722067816 0.5395184824902723 0.8426903835464147 0.5480301556420233 0.7887715397443024 0.5501580739299611 0.7548638132295721 0.5449902723735408 0.7498610339077265 0.5355666342412452 0.745969983324069 0.5291828793774319 0.7487493051695386 0.5237110894941635 0.7843246247915509 0.5094236381322956 0.8743746525847694 0.5042558365758755 0.8949416342412453 0.5015199416342412 0.9010561423012785 0.4872324902723735 0.8838243468593664 0.4808487354085603 0.8704836020011119 0.4772008754863813 0.8532518065591996 0.4638253891050583 0.754307948860478 0.4616974708171206 0.7309616453585326 0.4635214007782101 0.7065036131183992 0.46048151750972754 0.6837131739855475 0.45956955252918286 0.6692607003891051 0.45440175097276264 0.6620344635908839 0.45804961089494156 0.6281267370761534 0.424306906614786 0.6542523624235687
1 0.7410627431906615 0.43246247915508623 0.7255593385214008 0.48360200111172874 0.728295233463035 0.5047248471372985 0.7292071984435797 0.537520844913841 0.739238813229572 0.5903279599777654 0.7574781128404668 0.6625903279599777 0.7848370622568093 0.6553640911617565 0.8042923151750972 0.6425792106725959 0.817363813229572 0.604224569205114 0.834387159533074 0.48360200111172874 0.8413788910505836 0.47693162868260147 0.851410505836576 0.48360200111172874 0.8553623540856032 0.49972206781545303 0.852626459143969 0.5308504724847137 0.8349951361867705 0.6442468037798778 0.8267874513618677 0.6664813785436354 0.8140199416342412 0.6753752084491385 0.7757174124513619 0.6870483602001113 0.75869406614786 0.6848249027237354 0.7395428015564203 0.6670372429127294 0.727079280155642 0.6259032795997777 0.7130958171206225 0.5597554196775987 0.7079280155642024 0.5247359644246804 0.6869528210116731 0.5136186770428016 0.6802650778210116 0.490272373540856 0.6836089494163424 0.4647026125625348 0.7298151750972763 0.43635352973874375
1 0.9584143968871596 0.29016120066703727 0.9489907587548638 0.30906058921623125 0.9483827821011672 0.3340744858254586 0.9757417315175096 0.3485269594219011 0.9815175097276265 0.3613118399110617 0.99921875 0.43208251288380545 0.9982368677042801 0.34352418010005564 0.9948929961089494 0.3168426903835464 0.9948929961089494 0.28849360755975545 0.9985408560311285 0.2607003891050584
2 0.2568093385214008 0.9866592551417455 0.27352869649805445 0.9866592551417455 0.2800431663424124 0.9985714285714286 0.2528574902723736 0.9983324068927183
2 0.5246230544747081 0.7765425236242358 0.5319187743190661 0.7787659811006115 0.5477261673151751 0.7904391328515843 0.5507660505836576 0.75597554196776 0.5364785992217899 0.7437465258476932 0.5279669260700388 0.7470817120622569
2 0.8313472762645914 0.5019455252918289 0.8413788910505836 0.5041689827682047 0.8535384241245136 0.5314063368538078 0.8562743190661479 0.5008337965536409 0.8523224708171206 0.481378543635353 0.8398589494163424 0.4747081712062257 0.8340831712062255 0.47915508615897723
3 0.497568093385214 0.896053362979433 0.4881444552529183 0.8999444135630907 0.4863205252918288 0.9105058365758756 0.4969601167315175 0.9193996664813786 0.5042558365758755 0.9221789883268483 0.5145914396887159 0.9244024458032242 0.5200632295719844 0.9244024458032242 0.5249270428015563 0.9138410227904392 0.5088156614785991 0.906058921623124 0.506079766536965 0.8916064480266815 0.5021279182879377 0.9010561423012785
3 0.7900048638132295 0.650917176209005 0.7912208171206225 0.6659255141745415 0.8082441634241245 0.6770428015564203 0.8167558365758755 0.6731517509727627 0.8249635214007782 0.6642579210672597 0.8304353112840467 0.652584769316287 0.8349951361867705 0.6397998888271262 0.8204036964980546 0.6264591439688716 0.816147859922179 0.6081156197887716 0.8131079766536965 0.6259032795997777 0.8079401750972762 0.6414674819344081 0.7985165369649805 0.6481378543635353
