0 0.003391472868217068 0.18272425249169436 0.2195978682170543 0.13399778516057587 0.46790213178294576 0.07308970099667773 0.6647286821705427 0.031007751937984496 0.8452034883720929 0.0011074197120708748 0.9990310077519379 0.0 0.9990310077519379 0.08194905869324473 0.7246850775193798 0.12181616832779625 0.4479166666666667 0.1760797342192691 0.2292877906976744 0.22591362126245848 0.04881298449612405 0.2702104097452935 0.0003633720930232693 0.2812846068660022
1 0.015216206395348838 0.2774086378737542 0.025436046511627907 0.29526578073089704 0.032703488372093026 0.31976744186046513 0.04383175872093023 0.33637873754152825 0.07358284883720931 0.446843853820598 0.08198582848837209 0.4696843853820598 0.09720203488372094 0.510797342192691 0.10969295058139535 0.5448504983388704 0.1203670058139535 0.5593853820598006 0.13467478197674418 0.542358803986711 0.13490188953488372 0.5049833887043189 0.12876998546511628 0.49377076411960136 0.1185501453488372 0.5074750830564784 0.10833030523255813 0.48629568106312293 0.09356831395348837 0.4455980066445183 0.0774436773255814 0.38745847176079734 0.056776889534883725 0.3147840531561462 0.05564135174418605 0.2865448504983389 0.05109920058139535 0.2674418604651163
1 0.20712209302325585 0.23172757475083058 0.2141624273255814 0.24543189368770765 0.2175690406976744 0.2620431893687708 0.22824309593023256 0.28488372093023256 0.23346656976744184 0.3164451827242525 0.24641170058139536 0.38289036544850497 0.2534520348837209 0.4227574750830565 0.27048510174418605 0.4709302325581396 0.28138626453488375 0.5049833887043189 0.2909247819767442 0.5303156146179402 0.3065952034883721 0.5307308970099668 0.3234011627906977 0.4950166112956811 0.3211300872093023 0.4867109634551495 0.315906613372093 0.48546511627906974 0.30296148255813954 0.5037375415282392 0.2881994912790698 0.47300664451827246 0.2695766715116279 0.41486710963455153 0.25572311046511625 0.34136212624584716 0.244140625 0.26578073089700993 0.24323219476744184 0.2537375415282392 0.24323219476744184 0.23255813953488372 0.2402797965116279 0.22300664451827243 0.24118822674418605 0.21926910299003322
1 0.40175327034883723 0.18770764119601327 0.4108375726744186 0.204734219269103 0.4219658430232558 0.2275747508305648 0.4269622093023256 0.2446013289036545 0.44672056686046513 0.3496677740863787 0.4537609011627907 0.38330564784053156 0.4630723110465117 0.4078073089700997 0.4841933139534884 0.45805647840531566 0.4971384447674419 0.48172757475083056 0.5046329941860466 0.4858803986710964 0.5153070494186046 0.4742524916943522 0.5380178052325582 0.43563122923588044 0.5386991279069767 0.42774086378737547 0.5348382994186046 0.4227574750830565 0.5237100290697675 0.43978405315614616 0.5130359738372092 0.45598006644518274 0.5094022529069767 0.4543189368770764 0.4973655523255814 0.43438538205980065 0.4789698401162791 0.3916112956810632 0.46875 0.36586378737541525 0.4535337936046512 0.2823920265780731 0.4385446947674419 0.1951827242524917 0.4383175872093023 0.18687707641196016 0.4444494912790698 0.17358803986710963
1 0.6356740552325582 0.1403654485049834 0.6486191860465117 0.1794019933554817 0.6554324127906976 0.18853820598006646 0.6602016715116279 0.21843853820598005 0.6742823401162791 0.33637873754152825 0.6838208575581396 0.37250830564784054 0.7035792151162791 0.42981727574750833 0.7142532703488372 0.45141196013289037 0.7244731104651163 0.4622093023255814 0.739235101744186 0.44975083056478404 0.7453670058139534 0.43729235880398676 0.7660337936046512 0.39327242524916944 0.7610374273255813 0.3870431893687708 0.754451308139535 0.39078073089700993 0.7319676598837209 0.4414451827242525 0.7278797238372092 0.43729235880398676 0.7210664970930233 0.42857142857142855 0.7083484738372092 0.3999169435215947 0.6947220203488372 0.36088039867109634 0.6874545784883721 0.3347176079734219 0.6779160610465117 0.24958471760797343 0.6720112645348837 0.19767441860465115 0.6706486191860466 0.1665282392026578 0.6681504360465117 0.14825581395348839 0.6783702761627908 0.12956810631229235
1 0.872093023255814 0.09966777408637874 0.8834484011627908 0.1324750830564784 0.8898074127906976 0.15033222591362128 0.8918513808139534 0.18604651162790697 0.8970748546511628 0.25124584717607973 0.9034338662790697 0.30523255813953487 0.9086573401162792 0.3230897009966777 0.9216024709302326 0.34800664451827246 0.9420421511627908 0.3812292358803987 0.9579396802325582 0.4011627906976744 0.9681595203488372 0.4007475083056478 0.9774709302325582 0.3924418604651163 0.9895076308139534 0.364202657807309 0.99921875 0.3411986559951677 0.99921875 0.3131229235880399 0.9788335755813954 0.3604651162790698 0.9706577034883722 0.38205980066445183 0.9618005087209303 0.3799833887043189 0.954533066860465 0.3704318936877076 0.9288699127906976 0.33014950166112955 0.91796875 0.3093853820598007 0.9147892441860466 0.29443521594684385 0.9077489098837208 0.21137873754152825 0.9041151889534884 0.15074750830564784 0.9050236191860466 0.12416943521594685 0.9206940406976745 0.09177740863787376
2 0.11832303779069768 0.5070598006644519 0.11673328488372092 0.5145348837209303 0.1158248546511628 0.5257475083056479 0.12218386627906977 0.5245016611295681 0.13376635174418605 0.507890365448505 0.13058684593023256 0.4966777408637874 0.12309229651162792 0.5008305647840531
2 0.3054596656976744 0.5016611295681064 0.3077307412790698 0.5095514950166113 0.3156795058139535 0.5095514950166113 0.3245367005813954 0.4954318936877076 0.31976744186046513 0.4858803986710964 0.3152252906976744 0.4858803986710964 0.3097747093023256 0.49210963455149503
2 0.5207576308139534 0.446843853820598 0.5232558139534884 0.4539036544850498 0.52734375 0.4539036544850498 0.5375635901162791 0.43729235880398676 0.5391533430232558 0.42774086378737547 0.5355196220930233 0.4210963455149502
2 0.7496820494186046 0.4053156146179402 0.7526344476744187 0.4111295681063123 0.7576308139534884 0.4107142857142857 0.7658066860465117 0.39327242524916944 0.7603561046511629 0.38787375415282394 0.7542242005813954 0.3924418604651163
3 0.11378088662790697 0.5490033222591362 0.12127543604651163 0.5560631229235881 0.13490188953488372 0.5390365448504983 0.13308502906976744 0.534468438538206 0.11945857558139535 0.5481727574750831 0.1165061773255814 0.5377906976744187 0.1106013808139535 0.542358803986711
3 0.3004632994186046 0.502906976744186 0.28797238372093026 0.5178571428571429 0.29501271802325585 0.5290697674418604 0.3104560319767442 0.5195182724252492 0.29751090116279066 0.5145348837209303
3 0.5082667151162791 0.4539036544850498 0.4982739825581396 0.46677740863787376 0.49554869186046513 0.48006644518272423 0.5021348110465117 0.4858803986710964 0.5071311773255813 0.4825581395348837 0.5128088662790697 0.4750830564784053 0.5096293604651163 0.4642857142857143
3 0.7271984011627908 0.4377076411960133 0.7208393895348837 0.4447674418604651 0.7190225290697675 0.4551495016611296 0.7242460029069767 0.4617940199335548 0.7321947674418605 0.4572259136212624 0.7356013808139534 0.4501661129568107 0.7278797238372092 0.44642857142857145
3 0.9627089389534884 0.38081395348837205 0.956577034883721 0.385797342192691 0.9533975290697674 0.393687707641196 0.9597565406976745 0.4007475083056478 0.9658884447674418 0.4007475083056478 0.9722474563953488 0.3945182724252492 0.9656613372093024 0.3866279069767442
