0 0.0003633720930232693 0.04983388704318937 0.21656976744186046 0.02990033222591362 0.4594234496124031 0.008859357696567 0.6078003875968992 0.0011074197120708748 0.9972141472868217 0.00221483942414175 0.9981518817204302 0.15360983102918582 0.7629368279569892 0.14746543778801843 0.3924731182795699 0.16589861751152074 0.10265456989247312 0.19047619047619044 0.0 0.19972956015663867 0.0 0.05837173579109061
1 0.0301266339869281 0.19981325863678803 0.043402777777777776 0.21008403361344538 0.05872140522875817 0.23342670401493928 0.07250816993464052 0.2567693744164332 0.0806781045751634 0.27357609710550884 0.09037990196078431 0.3258636788048553 0.09906045751633988 0.3818860877684407 0.10467728758169934 0.42483660130718953 0.11744281045751634 0.4929971988795518 0.13122957516339867 0.5490196078431373 0.1485906862745098 0.6059757236227824 0.16493055555555555 0.6554621848739496 0.17667483660130717 0.6722689075630252 0.19556781045751634 0.6647992530345471 0.20220588235294118 0.6349206349206349 0.20578022875816995 0.5919701213818861 0.20169526143790847 0.5798319327731092 0.19046160130718953 0.5845004668534081 0.18535539215686275 0.5966386554621849 0.17973856209150327 0.6265172735760971 0.17258986928104575 0.6097105508870214 0.1465482026143791 0.5247432306255835 0.12408088235294117 0.4061624649859944 0.10620915032679738 0.2773109243697479 0.10416666666666667 0.22128851540616248 0.10161356209150327 0.18487394957983191
1 0.32679738562091504 0.17180205415499533 0.33496732026143794 0.1988795518207283 0.3425400995575221 0.22692793931731983 0.35429341814159293 0.2711757269279393 0.35878733407079644 0.3002528445006321 0.37814574115044247 0.4355246523388116 0.3857508296460177 0.49367888748419714 0.39439297566371684 0.5265486725663716 0.42101078539823006 0.6099873577749683 0.43587527654867253 0.6529709228824273 0.44866565265486724 0.6731984829329961 0.4707895464601769 0.6573957016434891 0.48530835176991144 0.5967130214917824 0.48012306415929196 0.5828065739570163 0.4673326880530973 0.5929203539823008 0.4628387721238938 0.6074589127686472 0.4555793694690265 0.6308470290771175 0.4476285951327433 0.6219974715549936 0.4241219579646017 0.552465233881163 0.40580060840707965 0.4905183312262958 0.4006153207964601 0.4494310998735777 0.39128180309734517 0.37547408343868516 0.38263965707964603 0.30910240202275596 0.37849142699115046 0.2395701643489254 0.38609651548672563 0.21112515802781287 0.38609651548672563 0.17762326169405815 0.39128180309734517 0.1643489254108723
1 0.6864975110619469 0.15297092288242728 0.6979051438053097 0.1839443742098609 0.7041274889380531 0.22060682680151705 0.714152378318584 0.2553729456384323 0.7169178650442477 0.2793931731984829 0.7210660951327432 0.39506953223767377 0.7255600110619469 0.46396965865992407 0.7317823561946902 0.506953223767383 0.7528691924778761 0.5815423514538558 0.7749930862831858 0.6403286978508217 0.7940058075221238 0.6700379266750948 0.8071418694690264 0.6675094816687737 0.8614145464601769 0.5967130214917824 0.860723174778761 0.5853350189633375 0.8555378871681414 0.5815423514538558 0.841019081858407 0.597977243994943 0.8116357853982301 0.6371681415929202 0.801956581858407 0.6226295828065739 0.7819068030973451 0.5790139064475347 0.7618570243362831 0.5158027812895069 0.7511407632743362 0.4734513274336283 0.7466468473451326 0.43742098609355246 0.7428443030973451 0.27180783817951953 0.743535674778761 0.2079646017699115 0.7459554756637167 0.17635903919089757 0.7504493915929202 0.15865992414664978 0.7594372234513274 0.1472819216182048
2 0.18145049778761063 0.6118836915297091 0.18940127212389382 0.6219974715549936 0.20495713495575224 0.6074589127686472 0.20599419247787615 0.5922882427307206 0.2021916482300885 0.5777496839443742 0.19043832964601773 0.5872313527180784 0.1828332411504425 0.5992414664981036
2 0.4611103429203539 0.6106194690265486 0.4673326880530973 0.6226295828065739 0.4832342367256636 0.6087231352718078 0.48599972345132736 0.5967130214917824 0.47943169247787604 0.582174462705436 0.4673326880530973 0.5916561314791403
2 0.8341053650442477 0.6024020227560051 0.8434388827433628 0.6194690265486725 0.8631429756637168 0.5967130214917824 0.8631429756637168 0.5828065739570163 0.8558835730088494 0.579646017699115
3 0.17730226769911506 0.6333754740834386 0.16554894911504428 0.6498103666245258 0.17384540929203543 0.6681415929203539 0.18352461283185845 0.6675094816687737 0.19527793141592922 0.6618204804045511 0.18110481194690267 0.6567635903919089 0.17730226769911506 0.6466498103666245
3 0.450048396017699 0.6302149178255373 0.4376037057522123 0.643489254108723 0.43587527654867253 0.6561314791403287 0.4445174225663716 0.6681415929203539 0.4514311393805309 0.6700379266750948 0.4614560287610619 0.6605562579013906 0.4707895464601769 0.6542351453855878 0.4535052544247787 0.6548672566371682 0.450394081858407 0.6460176991150441 0.45419662610619466 0.6352718078381794
3 0.801610896017699 0.6264222503160556 0.7867464048672566 0.640960809102402 0.7867464048672566 0.6567635903919089 0.7950428650442477 0.6687737041719343 0.8040306969026547 0.6662452591656131 0.8112900995575221 0.6561314791403287 0.8002281526548671 0.6466498103666245 0.8119814712389379 0.6352718078381794
