0 0.003391472868217068 0.9457364341085269 0.3231589147286822 0.7131782945736435 0.6071947674418605 0.512735326688815 0.8282461240310077 0.36655592469545956 0.9978197674418604 0.2558139534883721 0.998425387596899 0.36323366555924697 0.7107558139534884 0.5470653377630122 0.41945251937984496 0.7397563676633443 0.20990794573643412 0.8870431893687706 0.0490564794231644 0.9985714285714286 0.0027858527131783078 0.9966777408637874
1 0.12457441634241244 0.9093941078376877 0.12214250972762646 0.9382990550305726 0.12731031128404668 0.9555308504724848 0.12214250972762646 0.9933296275708728 0.11875469800141494 0.9985714285714286 0.13460603112840466 0.9985714285714286 0.1379499027237354 0.9799888827126181 0.14433365758754862 0.9527515286270151 0.14858949416342412 0.9410783768760422 0.1504134241245136 0.9266259032795998 0.1504134241245136 0.9155086158977211 0.14494163424124512 0.8954974986103392
1 0.24282587548638132 0.8226792662590328 0.24282587548638132 0.8471372984991662 0.2431298638132296 0.8615897720956086 0.24252188715953307 0.8760422456920511 0.2364421206225681 0.9505280711506392 0.23613813229571984 0.972206781545303 0.2364421206225681 0.9894385769872153 0.2431298638132296 0.9927737632017789 0.2476896887159533 0.9966648137854364 0.25224951361867703 0.9855475264035576 0.25620136186770426 0.9321845469705392 0.2604571984435798 0.8982768204558088 0.2592412451361868 0.886603668704836 0.2555933852140078 0.8832684824902725 0.25863326848249024 0.860478043357421 0.26592898832684825 0.8476931628682601 0.26592898832684825 0.8365758754863813 0.26988083657587547 0.8087826570316843 0.26988083657587547 0.8060033351862147 0.269272859922179 0.8010005558643692
1 0.3935797275641026 0.717948717948718 0.4003405448717949 0.7326007326007326 0.40184294871794873 0.75503663003663 0.39933894230769235 0.793040293040293 0.3973357371794872 0.8498168498168497 0.39933894230769235 0.8722527472527473 0.4030949519230769 0.8814102564102564 0.4186197916666667 0.8882783882783883 0.42487980769230765 0.875 0.4271334134615385 0.8521062271062272 0.4336438301282051 0.788003663003663 0.43464543269230765 0.7696886446886446 0.43214142628205127 0.7605311355311354 0.4256310096153846 0.7586996336996337 0.4181189903846154 0.7568681318681318 0.4226262019230769 0.7344322344322344 0.42487980769230765 0.7206959706959707 0.4283854166666667 0.6918498168498168
1 0.5578425480769231 0.6158424908424909 0.5661057692307693 0.6240842490842491 0.5698617788461539 0.6364468864468864 0.5698617788461539 0.6515567765567766 0.5651041666666667 0.7344322344322344 0.5648537660256411 0.7559523809523809 0.5678585737179487 0.7747252747252746 0.5736177884615385 0.7921245421245421 0.5788762019230769 0.7971611721611721 0.5901442307692307 0.804945054945055 0.5954026442307693 0.8008241758241759 0.6034154647435898 0.7632783882783883 0.6121794871794871 0.7156593406593407 0.6149338942307693 0.695054945054945 0.6134314903846154 0.684065934065934 0.6036658653846154 0.6776556776556777 0.5974058493589743 0.6813186813186813 0.5954026442307693 0.6909340659340659 0.5863882211538461 0.7344322344322344 0.5826322115384615 0.7591575091575091 0.5813802083333333 0.7440476190476191 0.5848858173076923 0.6776556776556777 0.5876402243589743 0.6428571428571429 0.590645032051282 0.6227106227106226 0.5928986378205128 0.6025641025641025 0.5926482371794871 0.5805860805860806
1 0.7363782051282051 0.4871794871794871 0.7453926282051282 0.4954212454212454 0.7516526442307693 0.5036630036630036 0.7544070512820513 0.5247252747252747 0.7579126602564102 0.5782967032967034 0.7626702724358975 0.6254578754578755 0.7659254807692307 0.6410256410256411 0.7771935096153846 0.6543040293040293 0.8039863782051283 0.6707875457875457 0.8107471955128205 0.6694139194139194 0.8157552083333334 0.6611721611721612 0.8200120192307692 0.6501831501831502 0.8405448717948717 0.5554029304029304 0.8400440705128205 0.5416666666666666 0.8347856570512822 0.5389194139194139 0.8292768429487178 0.5352564102564102 0.8255208333333334 0.5338827838827839 0.8210136217948717 0.5357142857142857 0.8187600160256411 0.5439560439560439 0.8089943910256411 0.5934065934065934 0.8004807692307692 0.6291208791208791 0.7962239583333333 0.641941391941392 0.790214342948718 0.6469780219780219 0.7824519230769231 0.6369047619047619 0.7796975160256411 0.6076007326007326 0.7716846955128205 0.5128205128205128 0.7731870993589743 0.49862637362637363 0.7731870993589743 0.4803113553113553 0.7734375 0.45787545787545786
1 0.9544771634615385 0.3548534798534798 0.9607371794871795 0.37637362637362637 0.9722556089743589 0.37866300366300365 0.9787660256410255 0.3946886446886447 0.9840244391025641 0.44184981684981683 0.9895332532051281 0.46840659340659335 0.99921875 0.48520897905513305 0.99921875 0.44413919413919417 0.9950420673076923 0.42032967032967034 0.9920372596153847 0.3983516483516483 0.9910356570512822 0.38141025641025644 0.9910356570512822 0.369047619047619 0.9885316506410255 0.3489010989010989 0.9877804487179487 0.32967032967032966
2 0.25385616987179493 0.8827838827838828 0.24734575320512825 0.8809523809523809 0.243339342948718 0.8942307692307693 0.2425881410256411 0.9015567765567765 0.24734575320512825 0.9033882783882783 0.2586137820512821 0.9102564102564102 0.2608673878205129 0.8988095238095237 0.25936498397435903 0.8841575091575091
2 0.4168669871794872 0.7591575091575091 0.412109375 0.7678571428571429 0.4108573717948718 0.7815934065934066 0.41636618589743585 0.782051282051282 0.4341446314102564 0.7889194139194139 0.43564703525641024 0.7696886446886446 0.43189102564102566 0.7591575091575091 0.42337740384615385 0.7577838827838828
2 0.5926482371794871 0.6973443223443223 0.59765625 0.7032967032967032 0.6124298878205128 0.7106227106227105 0.6156850961538461 0.6945970695970696 0.6141826923076923 0.6817765567765568 0.6016626602564102 0.6758241758241758 0.5966546474358975 0.6813186813186813
2 0.8170072115384615 0.5535714285714286 0.822265625 0.5586080586080585 0.8367888621794872 0.5695970695970696 0.8415464743589742 0.5517399267399268 0.8405448717948717 0.5398351648351648 0.8252704326923077 0.5311355311355311 0.8197616185897436 0.5361721611721612
3 0.2360777243589744 0.9766483516483515 0.2523537660256411 0.9839743589743589 0.24784655448717957 0.9963369963369964 0.23682892628205132 0.9894688644688644
3 0.39833733974358976 0.853937728937729 0.39983974358974367 0.8731684981684982 0.40384615384615385 0.8823260073260073 0.41261017628205127 0.8859890109890108 0.4193709935897436 0.8864468864468863 0.42337740384615385 0.8791208791208791 0.4256310096153846 0.8722527472527473 0.40935496794871795 0.8667582417582417 0.4076021634615385 0.8443223443223443 0.4010917467948718 0.8507326007326006
3 0.5811226019184652 0.7601918465227818 0.5723171462829736 0.7608770126755738 0.5676333932853718 0.7694415895854745 0.5700689448441247 0.7824597464885235 0.5743779976019184 0.7923946557040082 0.580373201438849 0.7975334018499486 0.5861810551558753 0.7999314833847208 0.5925509592326139 0.8013018156903049 0.595361211031175 0.7985611510791367 0.597609412470024 0.789311408016444 0.5837455035971223 0.7845152449468997 0.5801858513189448 0.7776635834189791
3 0.787957134292566 0.645769099006509 0.78308603117506 0.6587872559095581 0.7903926858513189 0.6625556697499144 0.8006969424460431 0.6700924974306269 0.8070668465227818 0.6714628297362111 0.8119379496402879 0.6680369989722508 0.8162470023980815 0.6598150051387461 0.8010716426858513 0.6471394313120932 0.7990107913669064 0.6399451867077767 0.7941396882494005 0.645426515930113 0.7902053357314148 0.6471394313120932
