0 0.0003633720930232693 0.05758582502768549 0.3183139534883721 0.042081949058693245 0.6580668604651163 0.034330011074197114 0.9754118217054263 0.04540420819490587 0.99921875 0.0517748426653702 0.99921875 0.1794019933554817 0.6423207364341085 0.17054263565891473 0.29469476744186046 0.1805094130675526 4.4408920985006264e-17 0.20034513448695215
1 0.0006706008583690987 0.4984671980380135 0.005700107296137339 0.5714285714285714 0.01877682403433476 0.6100551808706315 0.05934817596566524 0.7044757817290006 0.06638948497854077 0.6909871244635193 0.09421942060085836 0.6106683016554261 0.10159603004291846 0.5965665236051502 0.12204935622317596 0.5928877988963825 0.12875536480686695 0.6008583690987125 0.1237258583690987 0.6241569589209074 0.08483100858369098 0.7240956468424279 0.07778969957081545 0.7314530962599631 0.04727736051502146 0.7449417535254446 0.03688304721030043 0.7326793378295524 0.00033530042918454936 0.6560392397302268
1 0.3269179184549356 0.18270999386879216 0.34636534334763946 0.22133660331085225 0.3554184549356223 0.2550582464745555 0.36178916309012876 0.31820968730839977 0.36111856223175964 0.3807480073574494 0.3574302575107296 0.4990803188228081 0.35776555793991416 0.5328019619865113 0.3587714592274678 0.5695892090741875 0.36514216738197425 0.6125076640098099 0.387607296137339 0.7112201103617413 0.39833690987124465 0.7443286327406499 0.4070547210300429 0.7584304107909259 0.42314914163090134 0.7541385652973636 0.4533261802575107 0.73635806253832 0.4979211373390558 0.683629675045984 0.49590933476394844 0.6713672593500919 0.4912151287553648 0.6695278969957081 0.4778031115879828 0.6738197424892703 0.46942060085836906 0.6811771919068056 0.4261668454935622 0.7290006131207848 0.417449034334764 0.7185775597792765 0.3949839055793991 0.6174126302881667 0.38526019313304716 0.5616186388718577 0.3872719957081545 0.4825260576333538 0.3909603004291845 0.35561005518087063 0.390625 0.2452483139178418 0.3949839055793991 0.1863887185775598 0.39766630901287553 0.1759656652360515
1 0.6772251945525292 0.17398554752640358 0.6887767509727627 0.19677598665925516 0.6997203307392996 0.23513062812673707 0.7064080739299611 0.25403001667593106 0.7079280155642024 0.3201778765981101 0.7085359922178988 0.5102834908282379 0.714919747081712 0.556976097832129 0.7292071984435797 0.6108949416342413 0.7644698443579767 0.689271817676487 0.7814931906614786 0.7103946637020567 0.8118920233463035 0.7048360200111173 0.8827213035019454 0.5986659255141745 0.873601653696498 0.5881045025013897 0.8593142023346303 0.5903279599777654 0.7976045719844358 0.6803779877709839 0.78818093385214 0.6737076153418566 0.7650778210116732 0.6275708727070596 0.7422786964980544 0.5614230127848805 0.735590953307393 0.5202890494719289 0.7346789883268483 0.415230683713174 0.736806906614786 0.2490272373540856 0.7361989299610895 0.21845469705391887 0.7501823929961089 0.1728738187882157
2 0.09159655448717953 0.61996336996337 0.10086137820512824 0.6318681318681318 0.1243990384615385 0.6245421245421245 0.1291566506410257 0.6034798534798534 0.122646233974359 0.5934065934065934 0.10036057692307696 0.5947802197802198 0.09284855769230774 0.6121794871794871
2 0.4641927083333333 0.6877289377289377 0.47045272435897434 0.7037545787545788 0.4894831730769231 0.695054945054945 0.49824719551282054 0.683150183150183 0.4962439903846154 0.6694139194139194 0.490234375 0.6684981684981685 0.4752103365384615 0.6739926739926739
2 0.8475560897435898 0.6089743589743589 0.8575721153846153 0.6259157509157509 0.8786057692307692 0.6062271062271062 0.8813601762820513 0.5961538461538461 0.8738481570512822 0.5865384615384615 0.8580729166666666 0.5915750915750916
3 0.05528846153846158 0.695054945054945 0.03801081730769235 0.7129120879120879 0.03475560897435902 0.728021978021978 0.04702524038461543 0.7426739926739926 0.08007812500000003 0.7293956043956044 0.08483573717948721 0.7197802197802198 0.06605568910256414 0.7202380952380952 0.05904447115384619 0.7097069597069596
3 0.4173677884615385 0.717948717948718 0.39933894230769235 0.7261904761904762 0.3945813301282052 0.7362637362637362 0.40134214743589747 0.7509157509157509 0.4098557692307693 0.7577838827838828 0.4238782051282051 0.7532051282051282 0.4353966346153846 0.7472527472527473 0.4266326121794872 0.7463369963369964 0.42362780448717946 0.7298534798534798
3 0.7869591346153846 0.673076923076923 0.7754407051282051 0.6808608058608059 0.7694310897435896 0.695054945054945 0.780448717948718 0.7083333333333333 0.7937199519230769 0.7055860805860806 0.8125 0.7037545787545788 0.7939703525641025 0.684065934065934
