0 0.001574612403100789 0.3610188261351052 0.34677810077519383 0.3787375415282392 0.7525436046511629 0.4097452934662237 0.9990310077519379 0.4407530454042082 0.9990310077519379 0.5337763012181617 0.5926598837209303 0.4872646733111849 0.10998062015503877 0.46511627906976744 0.0 0.45742364552886855
1 0.057392996108949414 0.4602556976097832 0.06590466926070038 0.48082267926625905 0.07684824902723734 0.5130628126737077 0.08019212062256809 0.5703168426903836 0.08232003891050584 0.6575875486381324 0.08535992217898833 0.7148415786548082 0.08839980544747081 0.7487493051695386 0.10299124513618677 0.802668148971651 0.11241488326848248 0.8376876042245692 0.12244649805447469 0.8560311284046694 0.14402966926070038 0.849916620344636 0.15740515564202334 0.8237909949972207 0.1756444552529183 0.7854363535297388 0.177772373540856 0.7732073374096721 0.17230058365758755 0.7654252362423569 0.15558122568093385 0.7682045580878266 0.1373419260700389 0.8121178432462479 0.13156614785992218 0.8232351306281268 0.11788667315175097 0.7609783212896054 0.109375 0.7259588660366871 0.1051191634241245 0.5158421345191774 0.1099829766536965 0.49471928849360763 0.10967898832684823 0.4647026125625348
1 0.3145671206225681 0.47248471372984996 0.3264226653696498 0.49193996664813794 0.3321984435797666 0.519177320733741 0.33554231517509725 0.5514174541411896 0.33675826848249024 0.6014452473596442 0.33949416342412453 0.7098387993329628 0.3419260700389105 0.736520289049472 0.35256566147859925 0.782657031684269 0.38174854085603116 0.8488048916064481 0.3920841439688716 0.8610339077265149 0.4179231517509727 0.8449138410227905 0.45622568093385213 0.7693162868260145 0.4507538910505836 0.7620900500277933 0.4388983463035019 0.7665369649805448 0.43312256809338523 0.7776542523624236 0.3993798638132296 0.8354641467481936 0.3866123540856031 0.8071150639244025 0.3650291828793774 0.7476375764313509 0.359557392996109 0.7254030016675932 0.359557392996109 0.5336297943301835 0.3622932879377432 0.5063924402445804 0.36016536964980544 0.47804335742078935 0.36685311284046696 0.46970539188438026
1 0.6003161478599222 0.4897165091717622 0.6070038910505836 0.5008337965536409 0.617339494163424 0.5308504724847137 0.6215953307392996 0.5630906058921623 0.6194674124513618 0.622568093385214 0.6118677042801556 0.7020566981656476 0.6094357976653696 0.7437465258476932 0.6109557392996109 0.773763201778766 0.6146035992217899 0.8098943857698723 0.6313229571984436 0.8882712618121179 0.6404426070038911 0.9027237354085603 0.6589858949416343 0.8988326848249028 0.7097519455252919 0.8621456364647027 0.7051921206225681 0.8515842134519177 0.6556420233463035 0.886047804335742 0.6462183852140078 0.8727070594774875 0.6294990272373541 0.7776542523624236 0.6270671206225681 0.7381878821567537 0.639226653696498 0.6125625347415231 0.64409046692607 0.5369649805447471 0.6492582684824902 0.5130628126737077 0.6522981517509727 0.49249583101723177
1 0.8459387159533074 0.5125069483046136 0.8571862840466926 0.5525291828793775 0.8641780155642023 0.5819899944413564 0.8587062256809338 0.6876042245692051 0.8559703307392995 0.763201778765981 0.8617461089494164 0.8021122846025569 0.8833292801556419 0.867704280155642 0.894272859922179 0.8921623123957755 0.9052164396887159 0.9032795997776543 0.9231517509727626 0.8993885491939968 0.9751337548638132 0.8426903835464147 0.973613813229572 0.831573096164536 0.9681420233463035 0.830461367426348 0.9587183852140078 0.8371317398554753 0.9146400778210116 0.8838243468593664 0.9052164396887159 0.8738187882156755 0.8924489299610896 0.8382434685936632 0.8757295719844358 0.7804335742078934 0.8757295719844358 0.7287381878821568 0.8839372568093384 0.5586436909394108 0.8897130350194553 0.5491939966648138 0.8960967898832685 0.5258476931628683 0.9012645914396888 0.5175097276264592
2 0.14828550583657588 0.783212896053363 0.15497324902723736 0.7932184546970539 0.17534046692607003 0.7876598110061145 0.17868433852140078 0.7715397443023904 0.17290856031128404 0.764313507504169 0.1552772373540856 0.7682045580878266
2 0.42977869649805445 0.7804335742078934 0.43525048638132297 0.7943301834352419 0.4492339494163424 0.7837687604224569 0.45744163424124507 0.7715397443023904 0.45044990272373536 0.7604224569205115 0.4346425097276264 0.7654252362423569
2 0.6878647859922179 0.8627015008337966 0.6878647859922179 0.8788215675375209 0.7121838521400778 0.8632573652028905 0.7054961089494164 0.8493607559755421
2 0.9511186770428015 0.8432462479155086 0.9562864785992218 0.860478043357421 0.9751337548638132 0.8426903835464147 0.973613813229572 0.8299055030572541 0.9644941634241245 0.8299055030572541 0.9556785019455253 0.8382434685936632
3 0.1303501945525292 0.8193440800444692 0.11241488326848248 0.8349082823790995 0.11879863813229571 0.8482490272373541 0.12518239299610895 0.8515842134519177 0.1379499027237354 0.8488048916064481 0.1461575875486381 0.8460255697609784 0.13278210116731518 0.8415786548082268 0.1306541828793774 0.8260144524735965
3 0.3948200389105058 0.8293496386881601 0.3850924124513619 0.841022790439133 0.3850924124513619 0.8560311284046694 0.3905642023346304 0.8560311284046694 0.40454766536964976 0.8554752640355754 0.40454766536964976 0.8449138410227905 0.3957320038910506 0.8365758754863813
3 0.6474343385214008 0.869371873262924 0.6307149805447471 0.887715397443024 0.6380107003891051 0.8993885491939968 0.6474343385214008 0.9005002779321847 0.659897859922179 0.9005002779321847 0.6541220817120623 0.8849360755975543 0.6483463035019456 0.8765981100611451
3 0.9061284046692608 0.8727070594774875 0.8945768482490273 0.8743746525847694 0.8909289883268482 0.8816008893829905 0.8960967898832685 0.8938299055030573 0.9030885214007782 0.9010561423012785 0.9097762645914397 0.9038354641467483 0.9176799610894941 0.9032795997776543 0.9109922178988328 0.8893829905503058 0.9106882295719844 0.8827126181211785
