0 0.000968992248062029 0.004429678848283499 0.998425387596899 0.0033222591362126242 0.9990310077519379 0.05758582502768549 0.5981104651162791 0.042081949058693245 0.25896317829457366 0.04429678848283499 0.0 0.04319554971799428
1 0.15254134241245138 0.04335742078932741 0.16287694552529183 0.07670928293496387 0.1756444552529183 0.12117843246247917 0.1762524319066148 0.14341300722623682 0.1713886186770428 0.28237909949972206 0.1701726653696498 0.3235130628126737 0.17047665369649806 0.37798777098388 0.1738205252918288 0.4385769872151195 0.1774683852140078 0.46970539188438026 0.18537208171206226 0.47915508615897723 0.19692363813229571 0.47915508615897723 0.20269941634241245 0.4647026125625348 0.21364299610894943 0.3902167871039467 0.21394698443579765 0.37354085603112847 0.2109071011673152 0.3613118399110617 0.19692363813229571 0.35630906058921624 0.19023589494163423 0.37632017787659816 0.18993190661478598 0.3446359088382435 0.19084387159533073 0.23846581434130074 0.1975316147859922 0.1528627015008338 0.20452334630350194 0.09949972206781546 0.2078672178988327 0.07115063924402446 0.20573929961089496 0.05280711506392441 0.21029912451361868 0.042801556420233464
1 0.3756687743190662 0.04391328515842135 0.3793166342412452 0.05503057254030017 0.3796206225680934 0.07281823235130629 0.38053258754863817 0.09672040022234575 0.38235651750972766 0.11673151750972764 0.38296449416342415 0.132295719844358 0.38296449416342415 0.2584769316286826 0.3832684824902724 0.3574207893274041 0.3857003891050584 0.4007782101167316 0.3914761673151751 0.4508060033351862 0.40029182879377434 0.49583101723179546 0.4100194552529183 0.4980544747081712 0.4236989299610895 0.49305169538632576 0.42825875486381315 0.4558087826570317 0.4364664396887159 0.4002223457476376 0.4370744163424124 0.3796553640911618 0.43373054474708167 0.36964980544747084 0.42613083657587547 0.36575875486381326 0.4185311284046692 0.3702056698165648 0.41397130350194555 0.3790994997220678 0.40789153696498054 0.41801000555864376 0.403635700389105 0.38743746525847694 0.402419747081712 0.3557531962201223 0.4021157587548638 0.3324068927181768 0.403635700389105 0.20122290161200668 0.40606760700389105 0.14508060033351863 0.4075875486381323 0.11784324624791552 0.41549124513618674 0.09116175653140633 0.419443093385214 0.07281823235130629 0.42005107003891046 0.05391884380211229 0.4209630350194552 0.03557531962201223 0.3735408560311284 0.03668704836020011
1 0.6708414396887159 0.04391328515842135 0.6775291828793775 0.0622568093385214 0.6793531128404668 0.09727626459143969 0.6848249027237354 0.13007226236798222 0.6845209143968871 0.18176764869371873 0.6793531128404668 0.3229571984435798 0.6796571011673151 0.36631461923290726 0.6811770428015564 0.4046692607003891 0.6887767509727627 0.45025013896609234 0.6997203307392996 0.5041689827682047 0.7106639105058365 0.528071150639244 0.7231274319066148 0.5330739299610895 0.7383268482490272 0.5330739299610895 0.7495744163424124 0.5047248471372985 0.7641658560311284 0.4558087826570317 0.7745014591439688 0.41745414118954977 0.7745014591439688 0.4007782101167316 0.7678137159533074 0.3929961089494164 0.7517023346303502 0.39188438021122846 0.7450145914396887 0.4091161756531406 0.735590953307393 0.43802112284602557 0.7243433852140078 0.4830461367426348 0.7185676070038911 0.46970539188438026 0.7137037937743191 0.43968871595330744 0.7079280155642024 0.4007782101167316 0.7058000972762646 0.36353529738743745 0.7067120622568093 0.29905503057254035 0.7118798638132295 0.1812117843246248 0.7152237354085603 0.12006670372429128 0.7213035019455253 0.08560311284046693 0.7234314202334631 0.06281267370761534 0.7234314202334631 0.047804335742078936 0.7264713035019456 0.0405780989438577 0.6650656614785992 0.03501945525291829
2 0.19720829256360078 0.3561643835616438 0.19017551369863014 0.3776908023483366 0.189869740704501 0.38775510204081626 0.19934870352250492 0.3913894324853229 0.21280271526418787 0.38831422980150965 0.21356714774951074 0.3726586525020967 0.21020364481408998 0.360916969527537
2 0.4143071183953033 0.37936818563041647 0.41782350782778865 0.36958344981828345 0.4260793786692759 0.36538999161308355 0.4338765900195695 0.37014257757897673 0.43739297945205485 0.38104556891249647 0.43678143346379644 0.39837852949398933 0.42531494618395305 0.4017332960581492 0.41293113992172215 0.3936259435280961
2 0.7460708170254403 0.4084428291864691 0.7486698874755382 0.42773273693038855 0.7702268835616438 0.425775789767962 0.7743548189823874 0.4140341067934023 0.7743548189823874 0.4017332960581492 0.7673220401174168 0.3922281241263629 0.752339163405088 0.39110986860497626
3 0.7231378424657534 0.48308638523902714 0.7018866193737769 0.48476376852110703 0.6977586839530333 0.4920324294101202 0.7017337328767124 0.5096449538719597 0.7075434197651663 0.523343584008946 0.7159521771037183 0.5300531171372658 0.7358274217221135 0.5303326810176124 0.7417899951076321 0.5236231478892927 0.7356745352250489 0.5124405926754263 0.723290728962818 0.5057310595471065 0.7205387720156555 0.4914733016494269
3 0.3935145547945205 0.46239865809337427 0.39825403620352245 0.4839250768800671 0.4019233121330724 0.49343024881185343 0.40972052348336596 0.4959463237349734 0.4198110322896282 0.49454850433324016 0.4234803082191781 0.48616158792284037 0.4239389677103718 0.4786133631534805 0.4094147504892368 0.47805423539278724 0.40177042563600784 0.47078557450377406 0.4008531066536204 0.4632373497344143
3 0.17345692717584368 0.43922862217711245 0.1756771758436945 0.4592742958639939 0.1801176731793961 0.47272265922354734 0.1834480461811723 0.47475260086272525 0.1917739786856128 0.4760213143872114 0.19857349023090587 0.477797513321492 0.20232015985790408 0.46866277594519157 0.20343028419182949 0.4580055823395078 0.18261545293072826 0.4567368688150216 0.17942384547069273 0.44988581578279624 0.1817828596802842 0.43795990865262624
