1 0.08383998054474708 0.0 0.08687986381322957 0.08004446914952752 0.0908317120622568 0.13062812673707616 0.09873540856031128 0.15786548082267926 0.114238813229572 0.19788771539744304 0.1318701361867704 0.2284602556976098 0.1552772373540856 0.23846581434130074 0.1713886186770428 0.1917732073374097 0.18841196498054474 0.12340188993885493 0.19205982490272372 0.10227904391328516 0.1881079766536965 0.09394107837687606 0.17594844357976652 0.0906058921623124 0.1701726653696498 0.0906058921623124 0.16044503891050582 0.12729294052251253 0.1415977626459144 0.19566425792106726 0.1373419260700389 0.20344635908838243 0.11241488326848248 0.14563646470261257 0.109375 0.12618121178432462 0.10724708171206225 0.0011117287381878821
1 0.35773346303501946 0.0005558643690939411 0.3574294747081712 0.13340744858254588 0.3592534046692607 0.1756531406336854 0.36989299610894943 0.23513062812673707 0.38296449416342415 0.2801556420233463 0.3969479571984436 0.3068371317398555 0.4236989299610895 0.30628126737076156 0.4653453307392996 0.21845469705391887 0.4592655642023346 0.2084491384102279 0.4425462062256809 0.2056698165647582 0.43373054474708167 0.21901056142301278 0.40789153696498054 0.2745969983324069 0.3960359922178988 0.23513062812673707 0.38478842412451364 0.18176764869371873 0.3832684824902724 0.1350750416898277 0.38357247081712065 0.017787659811006114 0.38357247081712065 0.0016675931072818234
1 0.641658560311284 0.0 0.635578793774319 0.16120066703724292 0.635578793774319 0.1934408004446915 0.6401386186770428 0.22734852695942193 0.6519941634241244 0.2745969983324069 0.6687135214007782 0.3218454697053919 0.6784411478599222 0.339633129516398 0.6985043774319066 0.3407448582545859 0.7182636186770428 0.31461923290717064 0.7453185797665369 0.2712618121178433 0.7556541828793775 0.25403001667593106 0.7520063229571984 0.2406892718176765 0.738022859922179 0.23679822123401892 0.7289032101167315 0.24958310172317957 0.6890807392996109 0.3162868260144525 0.6738813229571984 0.2701500833796554 0.658681906614786 0.2134519177320734 0.6571619649805447 0.1851028349082824 0.663545719844358 0.038910505836575876 0.6656736381322956 0.0
1 0.9258876459143968 0.0005558643690939411 0.928623540856031 0.03446359088382435 0.9231517509727626 0.12951639799888828 0.9213278210116732 0.20900500277932188 0.9207198443579767 0.2490272373540856 0.9359192607003891 0.302390216787104 0.9623662451361868 0.3652028904947193 0.9760457198443581 0.38299055030572543 0.9991488326848248 0.3785436353529739 0.99921875 0.37087270705947306 0.9988448443579767 0.3440800444691495 0.9860773346303502 0.3602001111728738 0.9781736381322957 0.35519733185102836 0.9532465953307392 0.3007226236798221 0.9389591439688717 0.25236242356864924 0.9365272373540856 0.2245692051139522 0.9462548638132295 0.06725958866036688 0.9514226653696498 0.0
2 0.1662208171206226 0.11172873818788216 0.188715953307393 0.12395775430794886 0.1929717898832685 0.10227904391328516 0.18841196498054474 0.09338521400778212 0.17290856031128404 0.08949416342412451
2 0.43312256809338523 0.2217898832684825 0.43859435797665364 0.23290717065036132 0.45956955252918286 0.23179544191217344 0.46656128404669256 0.217342968315731 0.4592655642023346 0.20622568093385216 0.44193822957198436 0.20511395219566428
2 0.7267752918287937 0.2518065591995553 0.7337670233463035 0.264035575319622 0.7504863813229572 0.2657031684269039 0.756262159533074 0.25403001667593106 0.7523103112840467 0.23679822123401892 0.7371108949416343 0.23624235686492498
3 0.13764591439688717 0.2056698165647582 0.12852626459143968 0.20900500277932188 0.1254863813229572 0.21901056142301278 0.13582198443579768 0.22957198443579768 0.15406128404669261 0.23735408560311286 0.15862110894941633 0.2245692051139522 0.14190175097276264 0.21901056142301278
3 0.4066755836575875 0.27348526959421904 0.3917801556420234 0.2801556420233463 0.3866123540856031 0.2879377431906615 0.3969479571984436 0.30294608115619787 0.4057636186770428 0.3040578098943858 0.4203550583657587 0.30461367426347974 0.40971546692606997 0.29405225125069484
3 0.6854328793774319 0.30906058921623125 0.6738813229571984 0.31350750416898276 0.6705374513618677 0.32684824902723736 0.6766172178988327 0.3362979433018344 0.6857368677042801 0.33740967204002226 0.7012402723735408 0.339633129516398 0.6912086575875487 0.32740411339633135
3 0.9772616731517509 0.35519733185102836 0.9702699416342412 0.358532518065592 0.9654061284046692 0.367982212340189 0.973613813229572 0.37632017787659816 0.9818214980544747 0.3790994997220678 0.9924610894941635 0.37632017787659816 0.9842534046692608 0.36464702612562533
