0 0.000968992248062029 0.8981173864894795 0.1596414728682171 0.6866002214839424 0.3340600775193799 0.45514950166112955 0.4860707364341085 0.26799557032115173 0.6199127906976745 0.10188261351052048 0.7034883720930233 0.00221483942414175 0.834907945736434 0.00221483942414175 0.6604893410852714 0.20708748615725361 0.39219961240310075 0.5337763012181617 0.1335998062015504 0.8671096345514948 0.0383413578003875 0.9985714285714286 0.0 0.9985714285714286
1 0.09109982332155477 0.8914689550731952 0.10103798586572439 0.9121655729429581 0.1082155477031802 0.939929328621908 0.11732553003533568 0.9984856133266028 0.17667844522968196 0.9984856133266028 0.17226148409893993 0.9076224129227664 0.16922482332155478 0.8934881373043917 0.15652606007067138 0.8914689550731952 0.14631183745583037 0.8985360928823827 0.146035777385159 0.9136799596163553 0.14962455830388693 0.9969712266532054 0.1410666961130742 0.9964664310954063 0.12671157243816253 0.9146895507319536 0.12284673144876326 0.884401817264008 0.12201855123674912 0.8576476527006562
1 0.30283789752650175 0.624432104997476 0.31526060070671375 0.6451287228672388 0.3210578621908127 0.6824835941443715 0.3309960247349823 0.7354871277132761 0.34038206713780916 0.7819283190307924 0.34976810954063603 0.8026249369005553 0.3649514134275618 0.817768803634528 0.3828953180212014 0.8258455325593135 0.4019434628975265 0.8253407370015143 0.4063604240282685 0.806663301362948 0.4107773851590106 0.7440686521958607 0.41326192579505305 0.6547198384654215 0.4105013250883392 0.6481574962140333 0.39421378091872794 0.6451287228672388 0.3889686395759717 0.6557294295810197 0.38703621908127206 0.6708732963149925 0.38427561837455826 0.7354871277132761 0.38096289752650175 0.8021201413427562 0.36715989399293286 0.7889954568399798 0.3608105123674912 0.7713276123170115 0.3439708480565371 0.6794548207975769 0.33458480565371024 0.6269560827864714 0.3337566254416961 0.6007067137809187 0.32851148409893993 0.5880868248359414
1 0.5272747349823321 0.3432609793033821 0.538041077738516 0.35991923271075216 0.5532243816254417 0.4013124684502776 0.5808303886925794 0.47450782433114586 0.5910446113074205 0.4926804644119132 0.6053997349823321 0.49873801110550225 0.6343860424028269 0.5053003533568904 0.6564708480565371 0.5017667844522968 0.6699977915194346 0.491670873296315 0.6774514134275618 0.4608783442705704 0.682696554770318 0.39777889954568396 0.6865613957597173 0.33215547703180215 0.6854571554770318 0.3154972236244321 0.6763471731448762 0.3099444724886421 0.6675132508833922 0.3069156991418475 0.6619920494699646 0.31095406360424027 0.6586793286219081 0.3498233215547703 0.6550905477031802 0.40434124179707215 0.6523299469964664 0.4507824331145886 0.645428445229682 0.47248864209994956 0.6349381625441696 0.4815749621403332 0.6109209363957597 0.4840989399293286 0.5990503533568904 0.4573447753659768 0.5766894876325088 0.3957597173144876 0.553500441696113 0.3377082281675921 0.5488074204946997 0.31196365471983845
1 0.7779372791519434 0.05552751135790005 0.790083922261484 0.0580514891468955 0.8036108657243816 0.0757193336698637 0.8292844522968197 0.11559818273599191 0.8494368374558304 0.14386673397274102 0.874006183745583 0.16002019182231197 0.8971952296819788 0.1580010095911156 0.9212124558303886 0.14941948510853106 0.9388803003533569 0.1332660272589601 0.9471621024734983 0.10247349823321554 0.952131183745583 0.03937405350832913 0.9529593639575971 0.0010095911155981827 0.9311506183745581 0.0020191822311963654 0.9300463780918727 0.04240282685512367 0.9278378975265017 0.0812720848056537 0.9201082155477032 0.11004543160020192 0.9087897526501767 0.12468450277637556 0.8795273851590105 0.13679959616355375 0.8629637809187279 0.13881877839475013 0.8370141342756183 0.10196870267541645 0.8135490282685511 0.06511862695608278 0.8041629858657243 0.038869257950530034 0.8011263250883391 0.017667844522968195
2 0.14548365724381623 0.922766279656739 0.1736417844522968 0.9177183240787481 0.17060512367491165 0.889954568399798 0.14493153710247347 0.89449772841999
2 0.38731227915194344 0.6749116607773851 0.39448984098939927 0.6759212518929834 0.4135379858657243 0.6733972741039879 0.41326192579505305 0.6537102473498233 0.40912102473498235 0.6466431095406361 0.3909010600706714 0.6471479050984351 0.3864840989399293 0.6602725896012115
2 0.6600596289752649 0.32963149924280666 0.6691696113074205 0.3346794548207976 0.6862853356890459 0.337203432609793 0.6860092756183745 0.314992428066633 0.6727583922261484 0.30792529025744575 0.6628202296819788 0.309439676930843 0.6606117491166078 0.32205956587582024
3 0.37792623674911663 0.7970721857647652 0.3693683745583039 0.8086824835941443 0.36881625441696114 0.8223119636547199 0.38261925795053003 0.8253407370015143 0.40249558303886923 0.8223119636547199 0.40359982332155475 0.8132256436143362 0.38593197879858654 0.8117112569409388 0.3806868374558304 0.8016153457849571
3 0.6410114840989399 0.4765270065623422 0.643219964664311 0.4906612821807168 0.6470848056537102 0.5037859666834932 0.6584032685512368 0.5012619888944977 0.6719302120141343 0.48914689550731955 0.6741386925795052 0.4734982332155477 0.6561947879858657 0.469964664310954 0.6501214664310954 0.4608783442705704 0.6451523851590106 0.47400302877334677
3 0.9151391342756183 0.11862695608278646 0.919280035335689 0.1277132761231701 0.9283900176678446 0.14184755174154468 0.939708480565371 0.13225643614336194 0.9446775618374558 0.11862695608278646 0.9460578621908127 0.10600706713780919 0.9319787985865725 0.09793033821302373 0.9256294169611307 0.08985360928823827 0.9234209363957596 0.10196870267541645 0.9181757950530034 0.11307420494699645
