0 0.000968992248062029 0.19490586932447398 0.4987887596899225 0.1982281284606866 0.8082606589147285 0.2115171650055371 0.99921875 0.22793631121618294 0.99921875 0.33111849390919157 0.7331637596899225 0.30675526024363237 0.45336724806201556 0.301218161683278 0.17357073643410853 0.30564784053156147 0.0021802325581395483 0.30675526024363237
1 0.13534849476439792 0.30516080777860877 0.14312009162303668 0.3433059087509349 0.15375490837696337 0.38070306656694086 0.1558000654450262 0.4203440538519072 0.16807100785340318 0.5646970830216903 0.1721613219895288 0.593866866118175 0.19670320680628275 0.6828721017202692 0.21265543193717282 0.7120418848167539 0.22288121727748694 0.7120418848167539 0.23801537958115188 0.7045624532535527 0.2486501963350786 0.6851159311892295 0.26910176701570687 0.6477187733732236 0.26746564136125656 0.6350037397157816 0.2613301701570681 0.637995512341062 0.2502863219895288 0.6402393418100224 0.2376063481675393 0.6596858638743455 0.22615346858638746 0.6828721017202692 0.21429155759162305 0.6522064323111443 0.19752126963350786 0.5916230366492146 0.19179482984293195 0.5639491398653702 0.18116001308900526 0.38519072550486155 0.1770696989528796 0.31862378459237095 0.1840232329842932 0.2961854899027674
1 0.4020369764397905 0.3021690351533283 0.41758017015706805 0.3350785340314136 0.4245337041884817 0.37023186237845923 0.42657886125654454 0.4083769633507853 0.43148723821989526 0.5699326851159312 0.4351685209424083 0.5931189229618549 0.45848331151832455 0.6724008975317876 0.47279941099476436 0.7068062827225131 0.4801619764397905 0.7135377711293941 0.5010225785340314 0.7060583395661929 0.5423347513089005 0.6364996260284218 0.5390625 0.6260284218399401 0.5255644633507853 0.6297681376215407 0.4907967931937172 0.6851159311892295 0.4822071335078534 0.6671652954375468 0.4658458769633508 0.6222887060583395 0.4568471858638743 0.5886312640239342 0.4523478403141361 0.5609573672400897 0.45030268324607325 0.5407629020194464 0.44907558900523553 0.34704562453253546 0.44989365183246066 0.3305908750934929 0.45398396596858637 0.31114435302916976 0.4605284685863874 0.29768137621540763
1 0.6744518979057591 0.30740463724756917 0.6797693062827225 0.3275991024682124 0.689586060209424 0.3410620792819745 0.6944944371727748 0.36948391922213913 0.6969486256544501 0.4106207928197456 0.6957215314136125 0.5617053103964098 0.6985847513089005 0.5804038893044128 0.7043111910994764 0.6080777860882572 0.7214905104712042 0.6469708302169035 0.7411240183246073 0.6918474195961106 0.754622054973822 0.7075542258788331 0.7681200916230366 0.700074794315632 0.7852994109947644 0.6791323859386686 0.8233393324607329 0.6215407629020194 0.8188399869109947 0.6103216155572175 0.8073871073298429 0.6267763649962602 0.767711060209424 0.6798803290949887 0.7628026832460733 0.6798803290949887 0.7529859293193717 0.6686611817501869 0.739487892670157 0.643979057591623 0.717809227748691 0.5871353777112939 0.7133098821989529 0.56245325355273 0.7124918193717277 0.5183246073298429 0.7182182591623036 0.3403141361256544 0.7227176047120418 0.32535527299925204 0.7308982329842931 0.30441286462228867
1 0.9660912958115183 0.3246073298429319 0.9693635471204187 0.344053851907255 0.9799983638743456 0.35901271503365745 0.9849067408376962 0.38967838444278236 0.9853157722513088 0.4270755422587883 0.9775441753926701 0.48765893792071796 0.970999672774869 0.5437546746447269 0.9660912958115183 0.5848915482423335 0.9677274214659685 0.6275243081525804 0.9779532068062826 0.6843679880329094 0.9857248036649213 0.7225130890052356 0.9975867146596858 0.7419596110695588 0.9988138089005234 0.7053103964098728 0.989815117801047 0.6619296933433059 0.9816344895287956 0.6020942408376964 0.9816344895287956 0.5661929693343305 0.9930873691099477 0.4958863126402393 0.99921875 0.4377257853403132 0.99921875 0.32984293193717273
2 0.24186954941860464 0.6536544850498339 0.24709302325581395 0.6656976744186046 0.2652616279069767 0.6565614617940199 0.2691224563953488 0.6495016611295681 0.26775981104651164 0.6341362126245847 0.24959120639534885 0.6387043189368771
2 0.5168968023255813 0.6453488372093024 0.5216660610465117 0.6557308970099668 0.5393804505813954 0.6453488372093024 0.5418786337209303 0.6362126245847176 0.5391533430232558 0.6237541528239203 0.5237100290697675 0.6312292358803987
2 0.803279433139535 0.6316445182724253 0.808048691860465 0.6449335548172758 0.8234920058139534 0.6208471760797342 0.8187227470930234 0.6108803986710963
3 0.22483648255813954 0.6777408637873754 0.2098473837209302 0.6877076411960134 0.20530523255813954 0.6985049833887044 0.2141624273255814 0.7142857142857143 0.22370094476744184 0.7105481727574752 0.2393713662790698 0.7059800664451827 0.22665334302325585 0.6827242524916943
3 0.4873728197674419 0.6827242524916943 0.4719295058139535 0.6906146179401994 0.4696584302325581 0.6989202657807309 0.4746547965116279 0.7097176079734219 0.4803324854651163 0.7113787375415282 0.491233648255814 0.7093023255813954 0.5000908430232558 0.704734219269103 0.5025890261627908 0.7034883720930233 0.4950944767441861 0.696843853820598 0.4885083575581396 0.6897840531561462
3 0.758766351744186 0.6773255813953489 0.7469567587209303 0.6852159468438539 0.744685683139535 0.6964285714285714 0.7539970930232558 0.7055647840531561 0.7596747819767442 0.7030730897009967 0.7673964389534884 0.7001661129568106 0.7626271802325582 0.6885382059800664 0.764671148255814 0.6794019933554817
3 0.9988190406976745 0.7093023255813954 0.9951853197674418 0.7259136212624585 0.9947311046511628 0.7383720930232559 0.99921875 0.7403258978009809
