0 0.001574612403100789 0.1184939091915836 0.24261143410852717 0.09191583610188263 0.4945494186046512 0.06312292358803986 0.7234738372093024 0.04318936877076412 0.936046511627907 0.03322259136212624 0.99921875 0.03322259136212624 0.9990310077519379 0.15614617940199335 0.7894864341085271 0.16832779623477298 0.5054505813953488 0.20155038759689925 0.200218023255814 0.24363233665559245 0.0 0.28002308236267326
1 0.06672478540772532 0.24095646842427956 0.06940718884120171 0.2685469037400368 0.07711909871244635 0.3684855916615573 0.08650751072961374 0.42121397915389336 0.11567864806866952 0.4647455548743102 0.14417918454935622 0.48559166155732675 0.17066791845493562 0.49110974862047824 0.18776824034334763 0.4757817290006131 0.2052038626609442 0.44022072348252606 0.24409871244635192 0.31698344573881054 0.23940450643776826 0.30042918454935624 0.2212982832618026 0.27651747394236664 0.21157457081545067 0.27467811158798283 0.19950375536480686 0.30962599632127524 0.1693267167381974 0.404659717964439 0.16060890557939914 0.4255058246474555 0.14552038626609443 0.4389944819129369 0.1183610515021459 0.4279583077866339 0.10930793991416307 0.3525444512568976 0.10159603004291846 0.2636419374616799 0.0985783261802575 0.2323727774371551
1 0.3926368025751073 0.1888412017167382 0.3980016094420601 0.21888412017167383 0.41007242489270385 0.31146535867565905 0.417449034334764 0.3543838136112814 0.43924356223175964 0.39239730226854685 0.47310890557939916 0.41201716738197425 0.49758583690987124 0.4230533415082771 0.5177038626609443 0.41446965052115264 0.5368159871244635 0.3764561618638872 0.574369635193133 0.28080931943592885 0.574369635193133 0.2630288166768853 0.5643106223175965 0.24034334763948498 0.556598712446352 0.23298589822194973 0.5488868025751072 0.25015328019619865 0.513344957081545 0.3445738810545677 0.5026153433476395 0.3648068669527897 0.4871915236051502 0.37339055793991416 0.45835568669527893 0.36112814224402207 0.4348846566523605 0.34886572654813 0.42381974248927035 0.25199264255058246 0.41610783261802575 0.2011036174126303 0.4151019313304721 0.18332311465358672
1 0.6766362660944206 0.15941140404659718 0.7222371244635193 0.30104230533415083 0.7386668454935622 0.3390557939914163 0.7718615879828326 0.3500919681177192 0.8141094420600858 0.3525444512568976 0.8342274678111588 0.3366033108522379 0.8496512875536479 0.2832618025751073 0.8657457081545065 0.2023298589822195 0.8573631974248928 0.17167381974248927 0.8513277896995708 0.16492949110974864 0.8459629828326181 0.17351318209687308 0.8302038626609441 0.2507664009809933 0.8204801502145923 0.28816676885346415 0.8094152360515021 0.3034947884733292 0.7889619098712446 0.30410790925812387 0.7453728540772532 0.296137339055794 0.7346432403433476 0.29000613120784796 0.7232430257510729 0.2611894543225015 0.6987660944206009 0.1851624770079706 0.6923953862660943 0.15818516247700798
1 0.9113465665236051 0.16063764561618638 0.9281115879828326 0.1753525444512569 0.9572827253218884 0.26057633353770693 0.9713653433476395 0.30472103004291845 0.9901421673819742 0.31759656652360513 0.9981893776824033 0.32311465358675656 0.998524678111588 0.2752912323727774 0.9774007510729614 0.2673206621704476 0.9663358369098711 0.24279583077866337 0.9415236051502145 0.17106069895769466 0.9294527896995708 0.134886572654813
2 0.2022488317757009 0.3004005340453938 0.21429614485981308 0.32109479305740984 0.23620035046728968 0.33911882510013347 0.24459696261682243 0.3190921228304406 0.23912091121495327 0.29439252336448596 0.2201372663551402 0.2750333778371161 0.20845502336448596 0.27703604806408544
2 0.5443195093457944 0.25567423230974634 0.553081191588785 0.2750333778371161 0.5687792056074766 0.29172229639519354 0.5764456775700935 0.27903871829105475 0.5753504672897196 0.2590120160213618 0.5640332943925233 0.23965287049399198 0.553446261682243 0.2349799732977303
2 0.8414865654205608 0.18825100133511347 0.8491530373831775 0.20026702269692923 0.8615654205607477 0.22563417890520693 0.8655811915887851 0.19826435246995994 0.8557242990654205 0.17022696929238984 0.8502482476635513 0.16154873164218958 0.8458674065420559 0.17757009345794392
3 0.14931366822429906 0.43925233644859807 0.15113901869158877 0.45927903871829107 0.16720210280373832 0.493324432576769 0.18582067757009343 0.47730307076101464 0.2004234813084112 0.4485981308411215 0.17340829439252334 0.41588785046728965 0.16464661214953272 0.4145527369826435 0.1588054906542056 0.42857142857142855
3 0.4866384345794392 0.3751668891855807 0.4866384345794392 0.39252336448598124 0.49393983644859807 0.42389853137516686 0.5048919392523364 0.4212283044058745 0.5180344626168224 0.4132176234979973 0.5227803738317757 0.3991989319092123 0.5107330607476636 0.37316421895861146 0.5059871495327102 0.3638184245660881 0.4964953271028037 0.37116154873164214
3 0.7973130841121494 0.30240320427236317 0.7958528037383177 0.32309746328437916 0.8002336448598131 0.35447263017356473 0.8144713785046729 0.3531375166889185 0.8279789719626167 0.3417890520694259 0.8363755841121495 0.32843791722296395 0.8250584112149533 0.29839786381842454 0.8184871495327103 0.29238985313751664 0.8093603971962617 0.30440587449933243
