0 0.0003633720930232693 0.040974529346622365 0.3982558139534884 0.10077519379844962 0.7222625968992248 0.14839424141749724 0.99921875 0.20699906183657585 0.99921875 0.3156146179401993 0.9142441860465116 0.2990033222591362 0.6283914728682171 0.24584717607973422 0.2922722868217055 0.19601328903654486 0.0 0.16613771899052848 0.0 0.03765227021040974
1 0.0008511673151750835 0.5180655919955531 0.016050583657587537 0.5769872151195109 0.04158560311284045 0.5158421345191774 0.06316877431906615 0.5180655919955531 0.06772859922178988 0.5308504724847137 0.0604328793774319 0.5519733185102835 0.03003404669260699 0.613118399110617 0.022434338521400764 0.622568093385214 0.0002431906614785854 0.6203446359088383
1 0.23618659420289853 0.19185645272601798 0.2539251207729468 0.2277432712215321 0.2610960144927536 0.2891649413388544 0.2614734299516908 0.4851621808143548 0.26637983091787437 0.5203588681849551 0.28072161835748793 0.5769496204278813 0.30940519323671495 0.6411318150448586 0.31846316425120774 0.6480331262939959 0.34299516908212563 0.6404416839199448 0.3656400966183575 0.5962732919254659 0.39205917874396135 0.5438233264320221 0.38753019323671495 0.5376121463077985 0.37167874396135264 0.5341614906832298 0.3290307971014493 0.6183574879227054 0.32299214975845414 0.611456176673568 0.28525060386473433 0.5058661145617668 0.2841183574879227 0.4630779848171153 0.28638285024154586 0.2732919254658385 0.29204408212560384 0.24085576259489305 0.29204408212560384 0.19530710835058662
1 0.5699344758064516 0.23579109062980028 0.5779149865591398 0.261136712749616 0.5867355510752688 0.2880184331797235 0.5896757392473118 0.3195084485407066 0.5905157930107527 0.36712749615975426 0.5795950940860215 0.445468509984639 0.5728746639784946 0.5284178187403994 0.5711945564516129 0.5552995391705069 0.5795950940860215 0.6152073732718893 0.588835685483871 0.6743471582181259 0.600596438172043 0.716589861751152 0.6173975134408602 0.716589861751152 0.6619203629032258 0.6904761904761905 0.6862819220430108 0.6712749615975422 0.6820816532258065 0.6551459293394777 0.6682207661290323 0.6566820276497695 0.6203377016129032 0.695084485407066 0.6115171370967742 0.6789554531490015 0.5951360887096774 0.5752688172043011 0.5942960349462366 0.5391705069124424 0.6010164650537634 0.4738863287250384 0.6102570564516129 0.4009216589861751 0.6136172715053764 0.33102918586789554 0.6178175403225807 0.29185867895545314 0.627898185483871 0.24270353302611364
1 0.849672379032258 0.2880184331797235 0.868153561827957 0.3509984639016897 0.8677335349462366 0.39477726574500765 0.8610131048387096 0.4907834101382488 0.8580729166666666 0.5453149001536098 0.8568128360215054 0.5883256528417818 0.8656334005376344 0.6351766513056836 0.8811743951612904 0.685099846390169 0.8988155241935484 0.728110599078341 0.9126764112903226 0.7419354838709677 0.9429183467741936 0.7327188940092165 0.9958417338709677 0.6674347158218126 0.9878612231182796 0.6528417818740399 0.9769405241935484 0.6559139784946236 0.921917002688172 0.7158218125960061 0.9097362231182796 0.7012288786482335 0.8878948252688172 0.6359447004608294 0.8778141801075268 0.5875576036866359 0.8815944220430108 0.5099846390168971 0.8904149865591398 0.3863287250384025 0.892515120967742 0.34562211981566815 0.913096438172043 0.2964669738863287
2 0.0335601478494624 0.5376344086021505 0.04322076612903229 0.5422427035330261 0.06506216397849465 0.5399385560675883 0.06716229838709681 0.5268817204301075 0.0642221102150538 0.5153609831029186 0.041120631720430144 0.5153609831029186
2 0.3628612231182796 0.5514592933947773 0.3742019489247312 0.5622119815668202 0.38848286290322587 0.553763440860215 0.393523185483871 0.5453149001536098 0.3880628360215054 0.5353302611367127 0.36916162634408606 0.5345622119815668
2 0.661080309139785 0.6674347158218126 0.664020497311828 0.6781874039938556 0.6850218413978495 0.6720430107526881 0.6825016801075269 0.6559139784946236 0.6686407930107527 0.6589861751152073
2 0.970640120967742 0.663594470046083 0.9752604166666666 0.6804915514592934 0.997101814516129 0.6705069124423962 0.9924815188172043 0.6559139784946236 0.9857610887096774 0.6505376344086021 0.9773605510752688 0.6543778801843317
3 0.9135164650537634 0.7081413210445469 0.9038558467741936 0.7081413210445469 0.8967153897849462 0.7227342549923195 0.9088961693548386 0.738095238095238 0.9471186155913978 0.7296466973886329 0.931577620967742 0.727342549923195 0.9198168682795698 0.7204301075268816
3 0.6144573252688172 0.684331797235023 0.6001764112903226 0.6889400921658986 0.5930359543010753 0.6989247311827957 0.6047967069892473 0.716589861751152 0.6207577284946237 0.7135176651305684 0.6194976478494624 0.695084485407066
3 0.3208585349462366 0.6105990783410138 0.3086777553763441 0.6152073732718893 0.3027973790322581 0.629800307219662 0.31371807795698925 0.6436251920122887 0.32421875 0.6390168970814132 0.3422799059139785 0.6382488479262672 0.32211861559139787 0.6251920122887865
3 0.007938508064516167 0.5913978494623655 0.0 0.5913978494623655 0.0007980510752688553 0.619815668202765 0.0251596102150538 0.6221198156682027 0.0293598790322581 0.6113671274961597 0.006258400537634446 0.6059907834101382
