0 0.001574612403100789 0.4706533776301218 0.16751453488372095 0.4629014396456257 0.41763565891472865 0.44407530454042077 0.6423207364341085 0.43300110741971204 0.7961482558139534 0.4307862679955703 0.9318071705426355 0.42967884828349945 0.99921875 0.43182262025133616 0.99921875 0.49612403100775193 0.8470203488372092 0.4872646733111849 0.6144622093023255 0.4939091915836102 0.37887596899224807 0.5071982281284607 0.1414728682170543 0.5193798449612402 0.0003633720930232693 0.5293466223698782
1 0.004087936046511628 0.5307308970099668 0.0006813226744186047 0.5647840531561462 0.0002271075581395349 0.6885382059800664 0.008175872093023256 0.6652823920265781 0.013172238372093022 0.6615448504983389 0.017033066860465115 0.6681893687707642 0.010901162790697675 0.7180232558139535 0.0029523982558139535 0.7192691029900332 0.0002271075581395349 0.7151162790697674 0.0004542151162790698 0.5303156146179402
1 0.08516533430232558 0.5245016611295681 0.09016170058139536 0.5568936877076411 0.09311409883720931 0.6075581395348837 0.09470385174418605 0.6611295681063123 0.1049236918604651 0.7097176079734219 0.11287245639534885 0.7088870431893688 0.11809593023255813 0.6843853820598006 0.11991279069767442 0.6540697674418605 0.11332667151162792 0.6482558139534884 0.10901162790697674 0.6764950166112956 0.107421875 0.6818936877076411 0.10378815406976745 0.6582225913621262 0.10128997093023255 0.6241694352159469 0.10038154069767442 0.5643687707641196 0.10265261627906977 0.5390365448504983 0.1060592296511628 0.5228405315614618
1 0.2082576308139535 0.5178571428571429 0.21666061046511625 0.550249169435216 0.21893168604651164 0.6470099667774086 0.2296057412790698 0.6993355481727574 0.244140625 0.7001661129568106 0.2511809593023256 0.6441029900332226 0.2416424418604651 0.6399501661129569 0.2371002906976744 0.6690199335548173 0.2330123546511628 0.6681893687707642 0.2284702034883721 0.6428571428571429 0.22756177325581395 0.553156146179402 0.2305141715116279 0.5132890365448505
1 0.33339389534883723 0.510797342192691 0.3397529069767442 0.5411129568106312 0.3386173691860465 0.6345514950166113 0.3413426598837209 0.6623754152823921 0.34906431686046513 0.7080564784053156 0.36155523255813954 0.7126245847176079 0.3699582122093023 0.6918604651162791 0.37631722383720934 0.6661129568106312 0.36973110465116277 0.6607142857142857 0.3645076308139535 0.6656976744186046 0.3581486191860465 0.6881229235880398 0.35406068313953487 0.6852159468438539 0.3479287790697675 0.6424418604651163 0.35133539244186046 0.5386212624584718 0.354969113372093 0.5253322259136213 0.3547420058139535 0.5062292358803987
1 0.4601199127906977 0.5033222591362126 0.4676144622093023 0.5203488372093024 0.4682957848837209 0.5431893687707642 0.472156613372093 0.6362126245847176 0.4757903343023256 0.6578073089700996 0.4894167877906977 0.7005813953488372 0.5025890261627908 0.7051495016611297 0.5073582848837209 0.6960132890365449 0.5232558139534884 0.6561461794019934 0.5198492005813954 0.6482558139534884 0.5134901889534884 0.6457641196013288 0.5080396075581396 0.6544850498338871 0.4973655523255814 0.6852159468438539 0.484874636627907 0.6420265780730897 0.4823764534883721 0.6233388704318936 0.48101380813953487 0.5265780730897011 0.4812409156976744 0.5008305647840531
1 0.6047874273255813 0.4966777408637874 0.6163699127906976 0.5269933554817277 0.617732558139535 0.5668604651162791 0.6188680959302325 0.6245847176079734 0.622047601744186 0.6478405315614618 0.634765625 0.6906146179401994 0.641124636627907 0.6980897009966778 0.6486191860465117 0.7005813953488372 0.6558866279069767 0.686046511627907 0.6715570494186046 0.6428571428571429 0.6699672965116279 0.6337209302325582 0.6640625 0.6308139534883721 0.6613372093023255 0.6382890365448505 0.6438499273255813 0.6839700996677741 0.6390806686046512 0.6785714285714286 0.6297692587209303 0.6474252491694352 0.6272710755813954 0.6233388704318936 0.6254542151162791 0.5398671096345515 0.628406613372093 0.5240863787375416 0.627952398255814 0.5 0.6259084302325582 0.4946013289036545
1 0.7539970930232558 0.4904485049833887 0.764216933139535 0.5253322259136213 0.7637627180232558 0.5664451827242525 0.7667151162790697 0.625 0.7728470203488372 0.6399501661129569 0.7937409156976745 0.6706810631229236 0.8055505087209303 0.6756644518272426 0.8114553052325582 0.6686046511627907 0.8321220930232558 0.6121262458471761 0.833030523255814 0.6000830564784053 0.8257630813953488 0.5959302325581396 0.8219022529069768 0.6013289036544851 0.804187863372093 0.6553156146179402 0.7964662063953488 0.6615448504983389 0.7780704941860466 0.6316445182724253 0.7751180959302325 0.598421926910299 0.774890988372093 0.5315614617940199 0.7769349563953488 0.502906976744186 0.7835210755813954 0.4904485049833887
1 0.900935683139535 0.4900332225913621 0.9066133720930234 0.5045681063122924 0.9095657703488372 0.5236710963455149 0.9109284156976745 0.5946843853820598 0.911155523255814 0.6337209302325582 0.9161518895348838 0.659468438538206 0.927734375 0.688953488372093 0.937045784883721 0.7043189368770764 0.9474927325581396 0.7043189368770764 0.9631631540697674 0.6814784053156147 0.9763353924418604 0.6528239202657807 0.972701671511628 0.6470099667774086 0.9674781976744186 0.643687707641196 0.9422692587209303 0.6885382059800664 0.9375 0.6827242524916943 0.9245548691860466 0.6449335548172758 0.9225109011627908 0.6079734219269103 0.9227380087209303 0.5157807308970099 0.9281885901162792 0.49169435215946844
2 0.006586119186046511 0.6731727574750831 0.016805959302325583 0.6744186046511629 0.018849927325581394 0.6648671096345515 0.011809593023255814 0.659468438538206 0.005904796511627907 0.6640365448504983
2 0.11014716569767442 0.6582225913621262 0.11400799418604653 0.6652823920265781 0.1196856831395349 0.6648671096345515 0.1196856831395349 0.6540697674418605 0.11423510174418605 0.6499169435215947
2 0.240734011627907 0.6499169435215947 0.2500454215116279 0.6511627906976744 0.250499636627907 0.6420265780730897 0.24504905523255816 0.6374584717607974 0.24005268895348836 0.6411960132890365
2 0.364734738372093 0.6694352159468439 0.37132085755813954 0.6723421926910299 0.37586300872093026 0.6694352159468439 0.374500363372093 0.6640365448504983 0.367687136627907 0.6602990033222591
2 0.5075853924418605 0.6573920265780732 0.5121275436046512 0.6607142857142857 0.5218931686046512 0.6607142857142857 0.523937136627907 0.6515780730897011 0.5193949854651163 0.6470099667774086 0.5109920058139534 0.6482558139534884
2 0.6613372093023255 0.6366279069767442 0.6636082848837209 0.6432724252491694 0.6699672965116279 0.6432724252491694 0.6706486191860466 0.6345514950166113 0.6645167151162791 0.6308139534883721
2 0.8214480377906976 0.6046511627906976 0.8241733284883722 0.6092192691029901 0.8318949854651162 0.6104651162790697 0.8318949854651162 0.6025747508305648 0.8264444040697674 0.5959302325581396
2 0.9627089389534884 0.6524086378737541 0.9652071220930234 0.6565614617940199 0.973155886627907 0.6598837209302326 0.9754269622093024 0.6532392026578073 0.9733829941860466 0.6461794019933554 0.966342659883721 0.6457641196013288
3 0.10560501453488372 0.6818936877076411 0.10242550872093023 0.6964285714285714 0.10424236918604653 0.7034883720930233 0.11378088662790697 0.7051495016611297 0.10787609011627908 0.6947674418604651
3 0.23505632267441862 0.6731727574750831 0.23005995639534885 0.6810631229235881 0.22801598837209305 0.6864617940199336 0.23074127906976744 0.696843853820598 0.24391351744186046 0.6972591362126246 0.2355105377906977 0.6881229235880398
3 0.3558775436046512 0.6939368770764119 0.3522438226744186 0.6985049833887044 0.3483829941860465 0.6989202657807309 0.35178960755813954 0.7088870431893688 0.36155523255813954 0.7088870431893688 0.3558775436046512 0.7005813953488372
3 0.49554869186046513 0.6906146179401994 0.49077943313953487 0.6939368770764119 0.491233648255814 0.7001661129568106 0.5037245639534884 0.7014119601328904 0.4985010901162791 0.6943521594684385
3 0.6431686046511629 0.686046511627907 0.6395348837209303 0.686046511627907 0.6349927325581396 0.6901993355481728 0.6408975290697675 0.696843853820598 0.6497547238372092 0.6972591362126246 0.6443041424418605 0.6922757475083057
3 0.7964662063953488 0.6632059800664452 0.793513808139535 0.6681893687707642 0.806686046511628 0.6764950166112956 0.7998728197674418 0.6669435215946844 0.8003270348837208 0.6611295681063123
3 0.9422692587209303 0.6881229235880398 0.9343204941860466 0.6906146179401994 0.9320494186046512 0.6964285714285714 0.9390897529069768 0.7009966777408638 0.9481740552325582 0.7030730897009967 0.9393168604651162 0.6947674418604651
