0 0.21379206730769235 0.0034340659340659435 0.382061298076923 0.07074175824175825 0.606670673076923 0.15315934065934064 0.832782451923077 0.2520604395604396 0.99921875 0.3240169520402078 0.99921875 0.24107142857142858 0.6953125 0.10920329670329669 0.41377275068681324 0.0
1 0.06025598404255319 0.0007598784194528875 0.0573470744680851 0.054711246200607896 0.05277593085106382 0.1208206686930091 0.049451462765957445 0.18085106382978722 0.05236037234042553 0.22872340425531912 0.07147606382978723 0.24012158054711247 0.0789561170212766 0.19832826747720364 0.08144946808510638 0.17933130699088146 0.07272273936170212 0.1694528875379939 0.07355385638297872 0.11626139817629179 0.08269614361702127 0.0007598784194528875
1 0.22606382978723402 0.007598784194528876 0.23395944148936168 0.047872340425531915 0.23894614361702127 0.06914893617021275 0.22980385638297868 0.1458966565349544 0.22689494680851063 0.20440729483282674 0.22481715425531915 0.24316109422492402 0.22564827127659576 0.29331306990881456 0.2310505319148936 0.3123100303951368 0.2460106382978723 0.3183890577507598 0.26304853723404253 0.2629179331306991 0.26138630319148937 0.2484802431610942 0.2543218085106383 0.24316109422492402 0.2489195478723404 0.2484802431610942 0.23936170212765956 0.27887537993920974 0.23603723404255317 0.23936170212765956 0.24143949468085105 0.17097264437689969 0.2522440159574468 0.08358662613981763 0.26013962765957444 0.055471124620060784 0.2642952127659574 0.02127659574468085
1 0.38492779783393505 0.06962351727694688 0.3877481949458484 0.0892212480660134 0.3871841155234657 0.14234141309953582 0.3764666064981949 0.2759154203197524 0.37674864620938625 0.3053120165033522 0.3809792418772563 0.35843218153687467 0.38690207581227437 0.37802991232594124 0.39987590252707583 0.3811242908715833 0.41764440433212996 0.3207839092315627 0.41538808664259924 0.30943785456420836 0.4097472924187725 0.30634347601856626 0.4041064981949458 0.30634347601856626 0.39310694945848373 0.3434760185662713 0.38915839350180503 0.31356369262506445 0.38831227436823107 0.2810727178958226 0.3936710288808664 0.23207839092315627 0.4012861010830324 0.14492006188757092 0.40946525270758116 0.1150077359463641 0.4170803249097473 0.08715832903558535 0.42074684115523464 0.07993811242908716
1 0.5719201263537905 0.1413099535843218 0.5781249999999999 0.1707065497679216 0.577278880866426 0.1933986591026302 0.5786890794223826 0.21351211964930375 0.5654332129963898 0.34914904589994844 0.5654332129963898 0.3769984528107272 0.5693817689530685 0.42857142857142855 0.5792531588447652 0.46106240330067044 0.5956114620938628 0.4620938628158845 0.6060469314079422 0.4394017534811759 0.622687274368231 0.40072202166064985 0.6198668772563176 0.39195461578133056 0.6074571299638989 0.3873130479628674 0.6012522563176895 0.39865910263022175 0.589124548736462 0.43063434760185665 0.583201714801444 0.3935018050541516 0.5812274368231046 0.3568849922640536 0.5919449458483754 0.24909747292418774 0.5992779783393501 0.19752449716348633 0.6043546931407942 0.1779267663744198 0.6080212093862816 0.16039195461578135 0.6128158844765342 0.15420319752449715
1 0.7668095667870036 0.22279525528623 0.7749887184115523 0.24909747292418774 0.7766809566787003 0.2929345023207839 0.7577842960288808 0.40794223826714804 0.7546818592057761 0.43476018566271274 0.7524255415162455 0.46364105208870554 0.7563740974729242 0.5260443527591542 0.7597585740072201 0.5595667870036101 0.7651173285198556 0.5703971119133574 0.7792193140794224 0.5729757607013924 0.8130640794223828 0.5342960288808664 0.8144742779783394 0.5255286230015472 0.8057310469314081 0.519339865910263 0.7998082129963898 0.5250128932439402 0.7749887184115523 0.5507993811242909 0.7718862815884476 0.520371325425477 0.767937725631769 0.46621970087674053 0.7701940433212996 0.4332129963898917 0.7868343862815884 0.33316142341413096 0.7955776173285198 0.2815884476534296 0.8037567689530686 0.25683341928829295 0.8037567689530686 0.24548736462093862 0.8108077617328521 0.23465703971119134
1 0.9726985559566786 0.31304796286745745 0.9772111913357401 0.33212996389891697 0.9836981046931408 0.3543063434760186 0.9873646209386282 0.3749355337802991 0.9808777075812275 0.4223826714801444 0.9701601985559567 0.5054151624548737 0.9670577617328521 0.5616297060340382 0.9718524368231047 0.6018566271273853 0.9814417870036101 0.6503352243424445 0.9890568592057762 0.6714801444043321 0.998082129963899 0.6756059824651882 0.998928249097473 0.6523981433728726 0.9839801444043321 0.5765858690046416 0.9834160649819494 0.5451263537906138 0.9992102888086644 0.40794223826714804 0.9983641696750902 0.32284682826199074
2 0.05776173285198555 0.185146982980918 0.0794787906137184 0.19443011861784426 0.08117102888086641 0.1784424961320268 0.07186371841155234 0.16967509025270758 0.06030009025270757 0.16658071170706548
2 0.24644629963898917 0.259412068076328 0.26139440433212996 0.26663228468282624 0.2636507220216607 0.26405363589479114 0.26195848375451264 0.24600309437854564 0.25406137184115524 0.2449716348633316 0.24701037906137185 0.24858174316658072
2 0.4018501805054151 0.32129963898916963 0.4156701263537905 0.3305827746260959 0.41792644404332124 0.32026817947395564 0.4165162454873646 0.30943785456420836 0.4052346570397112 0.3037648272305312 0.4015681407942238 0.3145951521402785
2 0.6006881768953068 0.40072202166064985 0.6052008122743682 0.40742650850954104 0.620148916967509 0.406910778751934 0.6229693140794224 0.40123775141825685 0.6198668772563176 0.3893759669932955 0.6083032490974729 0.3888602372356885
2 0.7975518953068591 0.5270758122743683 0.7992441335740071 0.5373904074265086 0.8122179602888087 0.5373904074265086 0.8144742779783394 0.5260443527591542 0.8048849277978339 0.519339865910263
3 0.05296705776173284 0.21196493037648273 0.07440207581227436 0.22382671480144406 0.06988944043321298 0.23620422898401236 0.0526850180505415 0.2294997421351212
3 0.2264214801444043 0.28365136668385765 0.22952391696750904 0.3017019082001031 0.23178023465703973 0.31253223310985045 0.2379851083032491 0.3176895306859206 0.24531814079422382 0.3192367199587416 0.24757445848375453 0.30737493553378026 0.23629287003610105 0.2980917998968541 0.2374210288808664 0.2779783393501805
3 0.3897224729241877 0.35018050541516244 0.37985108303249093 0.35069623517276943 0.38351759927797835 0.37235688499226405 0.39141471119133575 0.38060856111397623 0.40326037906137174 0.3811242908715833 0.4012861010830324 0.36926250644662195 0.39085063176895307 0.36204228984012377
3 0.5837657942238267 0.4363073749355338 0.5733303249097472 0.4363073749355338 0.5767148014440433 0.45435791645177925 0.5826376353790613 0.4600309437854564 0.5913808664259927 0.46106240330067044 0.5964575812274368 0.46106240330067044 0.5868682310469314 0.4492006188757091
3 0.7617328519855595 0.5456420835482206 0.7732964801444042 0.5446106240330068 0.7732964801444042 0.5507993811242909 0.7758348375451263 0.5605982465188242 0.7792193140794224 0.5740072202166066 0.7656814079422383 0.5698813821557503 0.7586304151624549 0.5518308406395048
3 0.9975180505415162 0.6513666838576586 0.9915952166064983 0.6585869004641568 0.9890568592057762 0.6730273336771532 0.99921875 0.6760405893257879
