0 0.003997093023255827 0.8593576965669989 0.16024709302325585 0.6699889258028793 0.3128633720930233 0.48615725359911405 0.48183139534883723 0.29346622369878184 0.6344476744186046 0.12513842746400886 0.7537548449612403 0.0 0.8869912790697674 0.0033222591362126242 0.6835029069767442 0.21483942414174972 0.3243701550387597 0.6201550387596899 0.1323885658914729 0.8460686600221483 0.007288638565891436 0.9985714285714286 0.0 0.9978104526706091
1 0.11393482490272373 0.8765981100611451 0.12031857976653697 0.9138410227904392 0.12731031128404668 0.9772095608671485 0.13180349259203827 0.9985714285714286 0.1893239299610895 0.9977765425236244 0.19084387159533073 0.9610894941634242 0.193579766536965 0.9155086158977211 0.193579766536965 0.8971650917176209 0.19023589494163423 0.8838243468593664 0.18020428015564202 0.8788215675375209 0.16804474708171208 0.8843802112284603 0.16530885214007782 0.9088382434685938 0.16257295719844359 0.9977765425236244 0.1528453307392996 0.9977765425236244 0.1452456225680934 0.9332962757087272 0.13886186770428016 0.8743746525847694 0.1352140077821012 0.8576987215119511 0.13764591439688717 0.8371317398554753
1 0.32186284046692604 0.5964424680377988 0.32915856031128404 0.6103390772651474 0.33675826848249024 0.6342412451361868 0.349829766536965 0.6759310728182324 0.3616853112840467 0.7176209005002779 0.3717169260700389 0.7381878821567537 0.3850924124513619 0.7470817120622569 0.42157101167315175 0.7526403557531963 0.43768239299610895 0.745969983324069 0.4455860894941634 0.7204002223457476 0.45227383268482485 0.652584769316287 0.4571376459143969 0.5908838243468595 0.4540977626459144 0.5730961645358533 0.44589007782101164 0.5697609783212896 0.4373784046692607 0.566425792106726 0.430386673151751 0.5725403001667594 0.4264348249027237 0.623123957754308 0.42217898832684825 0.6826014452473597 0.41913910505836577 0.7131739855475264 0.4103234435797665 0.7281823235130629 0.3914761673151751 0.7326292384658145 0.38235651750972766 0.7070594774874931 0.36016536964980544 0.632573652028905 0.34739785992217903 0.5836575875486382 0.3443579766536965 0.5653140633685381
1 0.5726532101167315 0.33574207893274044 0.581772859922179 0.3463035019455253 0.6054839494163424 0.3946637020566982 0.6203793774319066 0.41856586992773764 0.6462183852140078 0.43357420789327406 0.675705252918288 0.42579210672595885 0.6988083657587548 0.4046692607003891 0.7045841439688716 0.37242912729294053 0.7109678988326849 0.25903279599777657 0.7097519455252919 0.24013340744858255 0.6975924124513619 0.23068371317398556 0.6902966926070039 0.2323513062812674 0.6878647859922179 0.26181211784324626 0.6839129377431907 0.3501945525291829 0.678137159533074 0.37632017787659816 0.6717534046692607 0.39633129516397997 0.6595938715953308 0.4046692607003891 0.633146887159533 0.4118954974986104 0.6094357976653696 0.36964980544747084 0.5957563229571984 0.34296831573096165 0.5896765564202335 0.3162868260144525
1 0.8091561284046692 0.07837687604224569 0.8231395914396888 0.09783212896053363 0.8438107976653697 0.12896053362979434 0.8650899805447472 0.14508060033351863 0.8878891050583657 0.15730961645358532 0.9404790856031129 0.10227904391328516 0.9590223735408561 0.07003891050583658 0.962670233463035 0.04002223457476376 0.9623662451361868 0.0005558643690939411 0.9416950389105059 0.0 0.9410870622568094 0.022234574763757644 0.9386551556420233 0.047804335742078936 0.9261916342412452 0.07115063924402446 0.8863691634241245 0.12062256809338522 0.8726896887159533 0.1350750416898277 0.8498905642023347 0.11061700944969428 0.8352991245136187 0.0906058921623124 0.82465953307393 0.06448026681489717
2 0.16686320754716985 0.9076819407008087 0.173496462264151 0.9157681940700809 0.1941332547169812 0.9083557951482479 0.19044811320754723 0.8814016172506739 0.18197228773584911 0.8773584905660377 0.16944280660377364 0.8847708894878706
2 0.4303508254716982 0.5909703504043127 0.43919516509433965 0.5956873315363881 0.4590949292452831 0.5916442048517521 0.4535672169811321 0.570754716981132 0.4439858490566039 0.5680592991913747 0.4358785377358491 0.5653638814016172 0.4296137971698114 0.5734501347708895
2 0.6906324582338901 0.2444595976815547 0.6952938544152744 0.2567337197408796 0.7115155131264916 0.2584384589157859 0.7094644988066825 0.23900443232185475 0.6975313245823388 0.22945789294237978 0.6911918257756563 0.2328673712921923
3 0.4217631264916467 0.6965564268666893 0.42884844868735084 0.7013296965564269 0.4471211217183771 0.7074667575860892 0.44357846062052503 0.7289464711899079 0.4370525059665871 0.7466757586089328 0.42418705250596656 0.7534947153085578 0.41579653937947486 0.7378111148994203 0.4126267899761336 0.7286055233549266 0.41877983293556087 0.7149676099556768
3 0.6833606801909308 0.3620866007500852 0.6910053699284009 0.3658370269348789 0.7034979116945107 0.3798158881691101 0.6973448687350834 0.4047050801227412 0.6867168854415274 0.41868394135697234 0.6768347255369929 0.400272758267985 0.6727326968973746 0.3951585407432663 0.6800044749403341 0.3784520968291851
3 0.9408562052505965 0.03443573133310603 0.9492467183770883 0.03682236617797476 0.9613663484486873 0.04943743607228093 0.9576372315035799 0.07159904534606204 0.9488738066825775 0.08864643709512443 0.9369406324582338 0.07091714967609955 0.9326521479713603 0.061370610296624606 0.9382458233890214 0.04568700988748721
