0 0.003391472868217068 0.23920265780730898 0.4836482558139535 0.00221483942414175 0.736797480620155 0.0 0.5411821705426357 0.08748615725359911 0.3080184108527132 0.19601328903654486 0.07727713178294575 0.31450719822812845 0.0 0.35907317488712837
1 0.04608679525222556 0.3340398473929631 0.05744621661721072 0.367528613819415 0.06231454005934722 0.3883001271725307 0.08248330860534128 0.5269181856718949 0.08804710682492586 0.5502331496396777 0.10102930267062318 0.5849936413734633 0.1149387982195846 0.6074607884696905 0.12537091988130566 0.6184824077999153 0.1453078635014837 0.6150911403136923 0.1511034866468843 0.6002543450614667 0.1566672848664689 0.5773632895294616 0.16709940652818994 0.5040271301398898 0.16339020771513355 0.4963967782958881 0.14484421364985164 0.49682068673166596 0.1413668397626113 0.5040271301398898 0.1344120919881306 0.5447223399745654 0.12815281899109796 0.5849936413734633 0.11470697329376858 0.5557439593047901 0.10682492581602376 0.526494277236117 0.08990170623145405 0.4048325561678677 0.08387425816023743 0.3539635438745231 0.07993323442136503 0.314540059347181
1 0.26887054896142437 0.21619330224671474 0.2834755192878339 0.22848664688427298 0.29205304154302675 0.2602797795676134 0.31222181008902083 0.41882153454853754 0.31732195845697336 0.4306909707503179 0.3488501483679526 0.48876642645188634 0.36136869436201785 0.4963967782958881 0.37574183976261133 0.49851632047477745 0.3840875370919882 0.48410343365832975 0.3915059347181009 0.45315811784654514 0.40727002967359055 0.3785502331496397 0.4049517804154303 0.37176769817719374 0.39034681008902083 0.36964815599830436 0.38571031157270036 0.36964815599830436 0.36275964391691395 0.4705383637134379 0.33725890207715137 0.42687579482831706 0.3319269287833828 0.4077999152183129 0.31384458456973297 0.2509537939805002 0.31222181008902083 0.22297583721916064 0.3087444362017805 0.19626960576515473
1 0.5055637982195845 0.10555320050869012 0.5185459940652819 0.11487918609580329 0.5234143175074184 0.12802034760491734 0.5264280415430267 0.14412886816447648 0.5352373887240356 0.1979652395082662 0.549378709198813 0.29334463755828744 0.5579562314540059 0.3192030521407376 0.578588649851632 0.34718100890207715 0.6059439910979229 0.37431114879186095 0.6240263353115727 0.3777024162780839 0.6335311572700297 0.36795252225519287 0.665986646884273 0.2547689699025011 0.6513816765578635 0.2437473505722764 0.6193898367952523 0.34972445951674436 0.6133623887240356 0.3594743535396354 0.5716339020771513 0.30945315811784657 0.5646791543026706 0.27850784230606185 0.5479877596439169 0.15006358626536667 0.5445103857566765 0.12166172106824924 0.5445103857566765 0.10640101738024588 0.5414966617210683 0.08732513777024163
1 0.803458827893175 0.0 0.8050816023738872 0.013565069944891902 0.8134272997032641 0.10343365832980075 0.8194547477744807 0.19415006358626535 0.8222366468842729 0.2115303094531581 0.8380007418397627 0.2534972445951674 0.8558512611275964 0.28952946163628657 0.8637333086053411 0.2831708350996185 0.8739336053412463 0.26282323018228065 0.8966524480712167 0.2178889359898262 0.901057121661721 0.20644340822382365 0.9096346439169138 0.20898685883849089 0.9161257418397627 0.21492157693938108 0.9128801928783382 0.2263671047053836 0.8878431008902077 0.2755404832556168 0.8718471810089021 0.30097498940228906 0.8651242581602373 0.3086053412462908 0.8505192878338279 0.307757524374735 0.8442600148367954 0.29970326409495546 0.8284959198813056 0.2691818567189487 0.8164410237388724 0.24077999152183127 0.8067043768545993 0.21364985163204747 0.8018360534124629 0.18694362017804156 0.8002132789317506 0.16108520559559134 0.793490356083086 0.06104281475201356 0.7869992581602374 0.020771513353115726 0.7835218842729971 0.00423908435777872 0.7761034866468843 0.0012717253073336158
2 0.1392804154302671 0.5154726579058923 0.1666357566765579 0.5142009325985587 0.16709940652818994 0.4947011445527766 0.13904859050445106 0.4947011445527766
2 0.38383631552419356 0.38076036866359453 0.4062027469758065 0.3847926267281106 0.4073053175403226 0.3726958525345622 0.38556892641129037 0.3675115207373272
2 0.6482957409274194 0.25057603686635943 0.654753654233871 0.2557603686635945 0.6653068296370968 0.25720046082949305 0.6660943800403226 0.25057603686635943 0.65380859375 0.24078341013824886 0.6492408014112903 0.24193548387096772
2 0.8984217489919356 0.21313364055299538 0.9029895413306452 0.22091013824884792 0.9130701864919356 0.22465437788018433 0.9157478578629032 0.2157258064516129 0.9089749243951613 0.2073732718894009 0.9023595010080644 0.20679723502304145 0.8982642389112904 0.21313364055299538
3 0.12792610159118728 0.5852421752054555 0.1262048653610771 0.5955586641021158 0.11960679314565484 0.5990557789823395 0.11625994492044064 0.6093722678789998 0.12410113219094247 0.616891064871481 0.14456471848225214 0.6142682287113131 0.14915468176254593 0.6025528938625634 0.13280293757649939 0.5987060674943172
3 0.36268359853121174 0.4703619513901032 0.35742426560587515 0.4777058926385732 0.3518780599755202 0.47840531561461797 0.3475749694002448 0.48557440111907674 0.35838050795593634 0.49728973596782655 0.3754972460220318 0.4969400244798041 0.3798003365973072 0.48924637174331176 0.3671779375764994 0.4813778632628082
3 0.6132190942472461 0.3588039867109634 0.6065253977968177 0.3595034096870082 0.6006923194614443 0.36859590837559014 0.6116891064871481 0.37576499388004897 0.6242158812729499 0.37768840706417206 0.6283277233782131 0.37279244623185875 0.6192434210526316 0.3663227837034447
3 0.8561102175245097 0.29079131652661067 0.8499827665441175 0.291141456582633 0.8441425398284312 0.29831932773109243 0.8507486979166666 0.30619747899159666 0.8565889246323529 0.3075980392156863 0.8655886182598038 0.30724789915966383 0.8704714307598038 0.30304621848739494 0.8606100643382352 0.3005952380952381
