0 0.0003633720930232693 0.035437430786267994 0.6156734496124031 0.0 0.0 0.0022117934760142468
1 0.8427810077519379 0.0 0.8500484496124031 0.02547065337763012 0.8506540697674417 0.1107419712070875 0.8507449127906976 0.1478405315614618 0.8695948401162792 0.20431893687707642 0.8798146802325582 0.21096345514950166 0.8859465843023256 0.21262458471760798 0.8943495639534884 0.20681063122923588 0.9184229651162792 0.15946843853820597 0.9152434593023256 0.15074750830564784 0.9075218023255814 0.1457641196013289 0.8807231104651162 0.19850498338870434 0.8636900436046512 0.1532392026578073 0.8641442587209303 0.012458471760797342 0.8680050872093024 0.0008305647840531562
1 0.6894985465116279 0.0008305647840531562 0.6988099563953488 0.028654485049833887 0.7017623546511629 0.1345514950166113 0.7142532703488372 0.15822259136212624 0.7337845203488372 0.18147840531561463 0.7442314680232558 0.1852159468438538 0.7705759447674418 0.10963455149501661 0.7658066860465117 0.09966777408637874 0.7601289970930233 0.09966777408637874 0.738780886627907 0.1644518272425249 0.7321947674418605 0.16735880398671096 0.7133448401162791 0.1441029900332226 0.7106195494186046 0.10340531561461794 0.7090297965116279 0.04235880398671096 0.7126635174418605 0.017857142857142856 0.712890625 0.006644518272425249 0.7174327761627908 0.0004152823920265781
1 0.5357467296511629 0.0004152823920265781 0.5443768168604651 0.03446843853820598 0.5493731831395349 0.12583056478405316 0.5493731831395349 0.14700996677740866 0.5575490552325582 0.1794019933554817 0.5657249273255813 0.20016611295681064 0.5779887354651163 0.21137873754152825 0.5845748546511629 0.20598006644518274 0.6031976744186046 0.1511627906976744 0.602516351744186 0.1378737541528239 0.5943404796511629 0.13579734219269105 0.5750363372093024 0.19435215946843853 0.5702670784883721 0.19186046511627905 0.5580032703488372 0.14950166112956811 0.5555050872093024 0.09593023255813952 0.5557321947674418 0.04443521594684385 0.5593659156976745 0.027823920265780733 0.5580032703488372 0.0008305647840531562
1 0.38017805232558144 0.00830564784053156 0.3917605377906977 0.03322259136212624 0.3967569040697675 0.15573089700996678 0.4015261627906977 0.17358803986710963 0.413562863372093 0.2105481727574751 0.4203760901162791 0.2200996677740864 0.4312772529069767 0.2200996677740864 0.4514898255813954 0.1665282392026578 0.4478561046511628 0.15822259136212624 0.4383175872093023 0.15822259136212624 0.4253724563953488 0.2005813953488372 0.4203760901162791 0.1935215946843854 0.4092478197674419 0.15490033222591362 0.4060683139534884 0.0888704318936877 0.4040243459302325 0.024501661129568107 0.4056140988372093 0.004568106312292358 0.3776798691860465 0.0012458471760797341
1 0.2455032703488372 0.014950166112956811 0.2516351744186046 0.024916943521594685 0.25526889534883723 0.053156146179401995 0.25753997093023256 0.07724252491694351 0.2577670784883721 0.1569767441860465 0.2598110465116279 0.18313953488372095 0.26980377906976744 0.23048172757475086 0.2820675872093023 0.2354651162790698 0.296375363372093 0.18355481727574752 0.29228742732558144 0.17691029900332228 0.286609738372093 0.17691029900332228 0.2772983284883721 0.2063953488372093 0.2741188226744186 0.20307308970099666 0.2679869186046512 0.15822259136212624 0.2679869186046512 0.09883720930232558 0.2691224563953488 0.04692691029900332 0.27048510174418605 0.014950166112956811
1 0.1146893168604651 0.026162790697674417 0.12218386627906977 0.059800664451827246 0.126953125 0.13372093023255816 0.1294513081395349 0.17026578073089702 0.14262354651162792 0.223421926910299 0.15466024709302326 0.22300664451827243 0.16192768895348836 0.18106312292358803 0.1632903343023256 0.15863787375415284 0.15556867732558138 0.15406976744186046 0.14875545058139533 0.16154485049833886 0.14739280523255813 0.19144518272425248 0.14262354651162792 0.17524916943521596 0.13967114825581395 0.15033222591362128 0.13694585755813954 0.06893687707641195 0.13717296511627908 0.047342192691029905 0.13876271802325582 0.026162790697674417
1 0.004315043604651163 0.03446843853820598 0.005677688953488373 0.05357142857142857 0.0002271075581395349 0.06852159468438539 0.0013626453488372093 0.12583056478405316 0.0031795058139534884 0.17400332225913623 0.008630087209302325 0.20348837209302328 0.01203670058139535 0.17275747508305647 0.017033066860465115 0.16777408637873753 0.02180232558139535 0.17317275747508307 0.02271075581395349 0.18646179401993354 0.017941497093023256 0.2354651162790698 0.00885719476744186 0.23504983388704317 0.004087936046511628 0.22965116279069767 0.0002271075581395349 0.20598006644518274 0.0004542151162790698 0.03488372093023256
2 0.01249091569767442 0.18064784053156147 0.02271075581395349 0.18313953488372095 0.02180232558139535 0.17068106312292358 0.016124636627906978 0.16735880398671096 0.007721656976744186 0.1723421926910299
2 0.14807412790697674 0.17068106312292358 0.16306322674418605 0.17151162790697674 0.16374454941860467 0.15780730897009967 0.15397892441860467 0.15531561461794022 0.14739280523255813 0.15573089700996678
2 0.28411155523255816 0.1856312292358804 0.28842659883720934 0.18646179401993354 0.2968295784883721 0.1852159468438538 0.29433139534883723 0.17691029900332228 0.2891079215116279 0.17649501661129569 0.2854742005813954 0.17898671096345517
2 0.4355922965116279 0.16860465116279072 0.4396802325581396 0.17068106312292358 0.4494458575581396 0.17068106312292358 0.4496729651162791 0.1644518272425249 0.4455850290697675 0.15780730897009967 0.4376362645348837 0.15780730897009967
2 0.5909338662790697 0.14825581395348839 0.5947946947674418 0.151578073089701 0.6029705668604651 0.15033222591362128 0.602062136627907 0.14244186046511628 0.5977470930232558 0.1382890365448505 0.5916151889534884 0.1387043189368771
2 0.7578579215116279 0.10714285714285714 0.768531976744186 0.11503322259136212 0.7692132994186046 0.10257475083056479 0.7601289970930233 0.09509966777408638
2 0.904342296511628 0.15282392026578073 0.9166061046511628 0.16154485049833886 0.9181958575581396 0.1536544850498339 0.9125181686046512 0.14908637873754152 0.9084302325581396 0.143687707641196
3 0.0068132267441860465 0.21885382059800665 0.004315043604651163 0.22466777408637872 0.011582485465116279 0.2371262458471761 0.017941497093023256 0.23338870431893688 0.01907703488372093 0.223421926910299 0.009084302325581394 0.2200996677740864
3 0.1453488372093023 0.19975083056478407 0.14148800872093023 0.204734219269103 0.14012536337209303 0.21179401993355482 0.14625726744186046 0.22300664451827243 0.1548873546511628 0.22051495016611297 0.15670421511627908 0.21179401993355482 0.14580305232558138 0.21220930232558138
3 0.27321039244186046 0.21428571428571427 0.26730559593023256 0.2159468438538206 0.27207485465116277 0.23048172757475086 0.28252180232558144 0.23214285714285715 0.28456577034883723 0.22591362126245848 0.27548146802325585 0.2238372093023256
3 0.4221929505813954 0.1989202657807309 0.4181050145348837 0.20348837209302328 0.413562863372093 0.21096345514950166 0.4203760901162791 0.2200996677740864 0.432639898255814 0.21926910299003322 0.4231013808139535 0.2097176079734219
3 0.5748092296511629 0.19559800664451826 0.5691315406976745 0.19186046511627905 0.5657249273255813 0.19975083056478407 0.573219476744186 0.20764119601328904 0.582985101744186 0.20764119601328904 0.5850290697674418 0.2009966777408638
3 0.7362827034883721 0.16528239202657807 0.7328760901162791 0.17026578073089702 0.7301507994186046 0.16777408637873753 0.7285610465116279 0.1744186046511628 0.7403706395348837 0.18147840531561463 0.7467296511627908 0.1777408637873754
3 0.8807231104651162 0.19808970099667772 0.8684593023255814 0.1989202657807309 0.876408066860465 0.2088870431893688 0.8866279069767442 0.21096345514950166 0.8918513808139534 0.2080564784053156 0.8811773255813954 0.20556478405315615
