0 0.0021802325581395483 0.12403100775193798 0.3122577519379845 0.2978959025470653 0.7222625968992248 0.5271317829457365 0.998425387596899 0.6877076411960132 0.998425387596899 0.7807308970099666 0.6102228682170543 0.5559246954595792 0.24685077519379844 0.35658914728682173 0.001574612403100789 0.2203765227021041
1 0.03710422163588391 0.21824349792687522 0.03731035620052771 0.23369770071617035 0.03545514511873351 0.24575951752732758 0.02267480211081794 0.28835280814172637 0.010512862796833774 0.33132303053147383 0.005153364116094987 0.35243120995099886 0.0037104221635883908 0.37240859404447796 0.007214709762532981 0.3995476818695816 0.013192612137203167 0.4191481341877121 0.029477242744063326 0.4413871089332831 0.0401962401055409 0.4383716547304938 0.08224769129287599 0.38107802487749715 0.08018634564643799 0.36901620806634 0.06493238786279684 0.3460233697700716 0.05812994722955145 0.3550697323784395 0.025972955145118732 0.4006784771956276 0.024530013192612138 0.38823972860912176 0.02762203166226913 0.370147003392386 0.06307717678100264 0.24952883528081418 0.06781827176781002 0.2314361100640784
1 0.22468667546174143 0.3226535996984546 0.2310768469656992 0.34489257444402566 0.22221306068601585 0.36901620806634 0.20304254617414247 0.4349792687523559 0.19788918205804748 0.4591029023746702 0.20098120052770446 0.48699585375047116 0.20902044854881266 0.5201658499811534 0.22035784960422164 0.5454202789295137 0.2339627308707124 0.5442894836034677 0.28075527704485487 0.4900113079532605 0.27951846965699206 0.4832265359969845 0.2708608179419525 0.4643799472295514 0.26467678100263853 0.4643799472295514 0.22716029023746703 0.5073501696192989 0.21788423482849603 0.5130041462495288 0.21334927440633247 0.4903882397286091 0.21376154353562007 0.4741801733886167 0.2362302110817942 0.39803995476818693 0.25024736147757254 0.3505465510742556 0.25601912928759896 0.33773087071240104
1 0.40587895778364114 0.42593290614398793 0.41206299472295516 0.4440256313607237 0.41329980211081796 0.46400301545420275 0.40361147757255933 0.5171503957783641 0.39804584432717677 0.5518281191104409 0.39722130606860157 0.575197889182058 0.41062005277044855 0.6102525442894836 0.42587401055408974 0.6419148134187712 0.43824208443271767 0.6453071993969092 0.45102242744063326 0.6328684508104033 0.48627143799472294 0.5770825480588014 0.4745217678100264 0.549566528458349 0.4703990765171504 0.5491895966830004 0.43618073878627966 0.6038447041085564 0.42958443271767804 0.6102525442894836 0.42319426121372034 0.6110064078401809 0.4135059366754617 0.5932906143987938 0.4137120712401055 0.5740670938560121 0.42113291556728233 0.5299660761402186 0.43473779683377306 0.4572182434979269 0.4407156992084433 0.43309460987561255
1 0.5854221635883905 0.5284583490388239 0.5920184696569921 0.5367508480964945 0.5922246042216359 0.5514511873350924 0.5775890501319261 0.6358839050131926 0.5742908970976253 0.6713154918959668 0.5804749340369393 0.6958160572936298 0.5926368733509235 0.7225782133433848 0.6060356200527705 0.7467018469656992 0.6184036939313984 0.7474557105163966 0.6528281662269129 0.7007161703731625 0.6643717018469657 0.683377308707124 0.6561263192612137 0.6615152657369017 0.6507668205804749 0.656615152657369 0.6148994063324539 0.7082548058801357 0.6093337730870713 0.7154165096117603 0.6029436015831134 0.7161703731624576 0.5979963720316623 0.710139464756879 0.5901632585751979 0.6894082171127026 0.5924307387862797 0.660007538635507 0.5982025065963061 0.6324915190350546 0.6097460422163589 0.556351300414625 0.616754617414248 0.5393893705239351
1 0.7618733509234829 0.6223143611006408 0.7659960422163589 0.6441764040708632 0.7655837730870713 0.6683000376931775 0.7579567941952506 0.7293629852996608 0.7558954485488127 0.7542404824726725 0.7571322559366754 0.7761025254428948 0.7711494063324539 0.8134187712024122 0.7855788258575198 0.8379193366000754 0.7938242084432717 0.8416886543535619 0.8082536279683378 0.8367885412740295 0.8509234828496043 0.7783641160949869 0.8445333113456464 0.7572559366754616 0.8406167546174143 0.7534866189219752 0.7983591688654353 0.8077647945721825 0.7905260554089709 0.8137957029777609 0.783311345646438 0.8100263852242745 0.7699125989445911 0.7832642291745194 0.7676451187335093 0.7723332076894083 0.78125 0.67885412740294 0.7831052110817942 0.6490765171503957 0.7938242084432717 0.6347531096871466
1 0.9360570580474933 0.7240859404447795 0.9405920184696569 0.7365246890312853 0.945745382585752 0.7531096871466265 0.9407981530343008 0.7990953637391632 0.9364693271767809 0.8503580851865812 0.9375 0.8801356954391255 0.9467760554089709 0.9099133056916698 0.9645036279683378 0.9385601206181681 0.9750164907651715 0.9468526196758387 0.9882091029023746 0.9449679607990954 0.99921875 0.9320260082924989 0.99921875 0.8888051262721448 0.9910949868073878 0.9023746701846965 0.9799637203166227 0.9166980776479458 0.9704815303430079 0.9193366000753864 0.9616177440633246 0.9057670561628345 0.9486312664907652 0.8831511496419148 0.9484251319261213 0.8537504711647191 0.9564643799472294 0.7764794572182435 0.9599686675461742 0.7504711647191858 0.9649158970976254 0.7353938937052393
2 0.05441952506596306 0.3611006407840181 0.07338390501319261 0.39276290991330565 0.08430903693931399 0.3761779117979646 0.06513852242744064 0.34338484734263097
2 0.25808047493403696 0.4719185827365247 0.2720976253298153 0.5024500565397663 0.2828166226912929 0.4877497173011685 0.26879947229551454 0.4598567659253675
2 0.4650395778364116 0.558612891066717 0.4790567282321899 0.5895212966453072 0.48647757255936674 0.5767056162834527 0.4730788258575198 0.5454202789295137
2 0.6439643799472295 0.6660384470410855 0.6569508575197889 0.6939313984168866 0.6651962401055409 0.682246513381078 0.6524158970976253 0.6520919713531851
2 0.8334020448548813 0.7644176404070863 0.8437087730870712 0.7900490011307952 0.8503050791556728 0.7783641160949869 0.8414412928759895 0.7523558235959292
3 0.024736147757255935 0.3954014323407463 0.015253957783641161 0.39690915944214095 0.008863786279683377 0.4048247267244629 0.014017150395778364 0.4195250659630607 0.020819591029023747 0.4297022238974746 0.030507915567282322 0.4425179042593291 0.04060850923482849 0.4372408594044478 0.025560686015831134 0.41160949868073876 0.025972955145118732 0.4003015454202789
3 0.21541062005277042 0.5035808518658124 0.21005112137203166 0.5035808518658124 0.20757750659630606 0.5126272144741801 0.21231860158311347 0.5254428948360347 0.21685356200527703 0.5371277798718431 0.22241919525065962 0.5465510742555597 0.22922163588390504 0.5450433471541651 0.21912104221635884 0.5231813041839427 0.21891490765171503 0.5133810780248775
3 0.42216358839050133 0.6083678854127402 0.4153611477572559 0.6189219751225028 0.42546174142480214 0.6407840180927252 0.43638687335092347 0.6419148134187712 0.42793535620052775 0.6238220882020354 0.42896602902374675 0.6125141349415756
3 0.5967595646437995 0.7116471918582736 0.5918123350923483 0.7210704862419901 0.6000577176781003 0.73803241613268 0.6101583113456465 0.7485865058424426 0.6171668865435356 0.7478326422917452 0.6052110817941952 0.7289860535243121 0.6062417546174143 0.7176781002638523 0.6010883905013192 0.718055032039201
3 0.7824868073878628 0.8081417263475311 0.7773334432717678 0.8179419525065963 0.778157981530343 0.8258575197889182 0.7828990765171504 0.8326422917451941 0.7882585751978891 0.8409347908028647 0.7944426121372031 0.8416886543535619 0.7993898416886543 0.8416886543535619 0.7899076517150395 0.8258575197889182 0.7919689973614775 0.8126649076517151 0.7859910949868074 0.8126649076517151
3 0.9678017810026385 0.9148134187712024 0.9626484168865435 0.9227289860535244 0.9630606860158311 0.9355446664153788 0.9692447229551451 0.943083301922352 0.9748103562005277 0.9460987561251414 0.9832618733509234 0.9472295514511874 0.9882091029023746 0.9460987561251414 0.9834680079155673 0.9238597813795704 0.983674142480211 0.9114210327930644 0.9785207783641161 0.9182058047493404 0.9733674142480211 0.9200904636260837
