0 0.000968992248062029 0.6312292358803986 0.18447189922480622 0.610188261351052 0.38674903100775193 0.5858250276854928 0.6828972868217054 0.5603543743078627 0.8548934108527131 0.5459579180509413 0.99921875 0.5393325826973778 0.99921875 0.6245847176079734 0.6931928294573644 0.6411960132890365 0.32739825581395354 0.6699889258028793 0.06274224806201552 0.7021040974529347 0.0 0.7109293806968225
1 0.06881009615384619 0.7014652014652014 0.058543669871794914 0.7385531135531135 0.05328525641025646 0.7614468864468863 0.05103165064102568 0.7788461538461537 0.0530348557692308 0.7985347985347986 0.05954527243589748 0.808150183150183 0.06730769230769235 0.816849816849817 0.07682291666666671 0.8086080586080585 0.09410056089743593 0.7623626373626374 0.10336538461538465 0.7353479853479853 0.09885817307692311 0.7271062271062271 0.08984375000000003 0.7188644688644689 0.08433493589743593 0.7184065934065934 0.0878405448717949 0.711080586080586 0.09259815705128209 0.6955128205128205
1 0.22405849358974367 0.683150183150183 0.21930088141025647 0.7097069597069596 0.214042467948718 0.7440476190476191 0.214042467948718 0.7641941391941393 0.21754807692307696 0.7747252747252746 0.223808092948718 0.7838827838827839 0.23081931089743596 0.7953296703296703 0.2383313301282052 0.8017399267399268 0.2450921474358975 0.8035714285714286 0.25385616987179493 0.7944139194139194 0.2706330128205129 0.7591575091575091 0.28190104166666674 0.7303113553113553 0.28114983974358976 0.7197802197802198 0.27288661858974367 0.7069597069597069 0.26737780448717957 0.7051282051282052 0.25911458333333337 0.722985347985348 0.25035056089743596 0.7422161172161171 0.23883213141025647 0.7641941391941393 0.2328225160256411 0.776098901098901 0.22731370192307696 0.7719780219780219 0.2328225160256411 0.7376373626373626 0.24208733974358979 0.6964285714285714 0.2463441506410257 0.6758241758241758
1 0.40259415064102566 0.6643772893772893 0.3988381410256411 0.6936813186813187 0.39057491987179493 0.7353479853479853 0.3890725160256411 0.7522893772893773 0.39007411858974367 0.7738095238095237 0.3950821314102565 0.7957875457875457 0.40935496794871795 0.8118131868131867 0.41786858974358976 0.8035714285714286 0.4303886217948718 0.7756410256410255 0.4434094551282051 0.7495421245421245 0.4479166666666667 0.738095238095238 0.4449118589743589 0.7303113553113553 0.4391526442307693 0.7248168498168498 0.4338942307692307 0.7184065934065934 0.42763421474358976 0.7266483516483516 0.41786858974358976 0.7504578754578755 0.4096053685897436 0.7678571428571429 0.4055989583333333 0.7751831501831501 0.4043469551282051 0.7651098901098902 0.4076021634615385 0.7422161172161171 0.41511418269230765 0.7023809523809523 0.4181189903846154 0.6808608058608059 0.42137419871794873 0.6588827838827839
1 0.5631009615384615 0.6410256410256411 0.5631009615384615 0.6565934065934066 0.5593449519230769 0.7055860805860806 0.5593449519230769 0.7248168498168498 0.5615985576923077 0.7408424908424908 0.5773737980769231 0.7646520146520147 0.5881410256410257 0.7733516483516483 0.5956530448717949 0.7733516483516483 0.6041666666666667 0.7632783882783883 0.6231971153846154 0.7202380952380952 0.6334635416666667 0.6891025641025641 0.6289563301282051 0.679945054945055 0.6249499198717949 0.673076923076923 0.6181891025641025 0.6707875457875457 0.6149338942307693 0.673076923076923 0.5951522435897436 0.7220695970695971 0.5876402243589743 0.7403846153846153 0.5801282051282051 0.7467948717948718 0.5761217948717949 0.743131868131868 0.5788762019230769 0.6959706959706959 0.5816306089743589 0.6446886446886446
1 0.7328725961538461 0.6126373626373626 0.7346254006410257 0.6263736263736264 0.7338741987179487 0.6510989010989011 0.7323717948717949 0.6891025641025641 0.7323717948717949 0.7133699633699634 0.7381310096153846 0.7303113553113553 0.7458934294871795 0.74496336996337 0.7561598557692307 0.7573260073260073 0.766426282051282 0.7651098901098902 0.7779447115384615 0.7591575091575091 0.7934695512820513 0.733058608058608 0.8145032051282051 0.690018315018315 0.8142528044871795 0.6808608058608059 0.8072415865384615 0.6666666666666666 0.8017327724358975 0.6634615384615384 0.7967247596153846 0.673076923076923 0.7716846955128205 0.7243589743589743 0.7629206730769231 0.7344322344322344 0.7564102564102564 0.7348901098901098 0.7456430288461539 0.7239010989010989 0.7488982371794871 0.6671245421245421 0.7506510416666667 0.6341575091575091 0.7584134615384615 0.6126373626373626
1 0.8993890224358975 0.6016483516483516 0.9053986378205128 0.6112637362637362 0.9091546474358975 0.6318681318681318 0.9119090544871795 0.6703296703296703 0.9159154647435898 0.7065018315018315 0.9319411057692308 0.733058608058608 0.9479667467948717 0.7394688644688644 0.9634915865384615 0.7435897435897435 0.9740084134615385 0.7348901098901098 0.9885316506410255 0.7014652014652014 0.9990484775641025 0.6662087912087912 0.9990484775641025 0.6465201465201464 0.9930388621794872 0.6355311355311355 0.987530048076923 0.6336996336996337 0.9837740384615385 0.6428571428571429 0.9770132211538461 0.6657509157509157 0.9664963942307692 0.6955128205128205 0.9599859775641025 0.7092490842490842 0.9519731570512822 0.7133699633699634 0.928936298076923 0.7055860805860806 0.9266826923076923 0.6698717948717948 0.9239282852564102 0.6314102564102564 0.9224258814102564 0.6190476190476191 0.9266826923076923 0.6007326007326007
2 0.07932692307692311 0.7303113553113553 0.09735576923076926 0.7518315018315018 0.10411658653846159 0.7344322344322344 0.08683894230769235 0.7156593406593407
2 0.2608673878205129 0.717948717948718 0.2653745993589744 0.7266483516483516 0.27764423076923084 0.7394688644688644 0.28265224358974367 0.7298534798534798 0.2814002403846154 0.717032967032967 0.2716346153846154 0.7069597069597069 0.2653745993589744 0.7037545787545788 0.26587540064102566 0.7060439560439561
2 0.4256310096153846 0.7348901098901098 0.44115584935897434 0.7545787545787546 0.44841746794871795 0.7376373626373626 0.4336438301282051 0.717032967032967
2 0.610176282051282 0.683150183150183 0.6279547275641025 0.7065018315018315 0.633964342948718 0.6881868131868132 0.6174379006410257 0.6675824175824175
2 0.7969751602564102 0.6767399267399268 0.8097455929487178 0.6982600732600732 0.8167568108974359 0.6849816849816849 0.8042367788461539 0.6611721611721612
2 0.9825220352564102 0.6483516483516483 0.9867788461538461 0.6547619047619048 0.998046875 0.6739926739926739 0.99921875 0.6654212454212458 0.99921875 0.6446886446886446 0.9890324519230769 0.6318681318681318
3 0.051419526143790875 0.7784780578898226 0.05244076797385623 0.788982259570495 0.055504493464052305 0.8036881419234361 0.0618872549019608 0.8099906629318394 0.06750408496732027 0.8153594771241831 0.07261029411764708 0.8083566760037347 0.07899305555555557 0.8011204481792716 0.07631229575163401 0.7945845004668534 0.06150428921568629 0.7819794584500466 0.0657169117647059 0.7686741363211952
3 0.22707312091503268 0.7717086834733893 0.22209456699346405 0.7824463118580766 0.2294985702614379 0.7927170868347339 0.23447712418300654 0.7990196078431372 0.24034926470588233 0.8015873015873015 0.24647671568627452 0.8015873015873015 0.2523488562091504 0.7941176470588235 0.23868974673202614 0.7808123249299719 0.23281760620915035 0.776844070961718
3 0.4037479575163399 0.772875816993464 0.3959609885620915 0.7719421101774042 0.3920036764705882 0.7794117647058824 0.3946844362745098 0.7901493930905695 0.39736519607843135 0.7985527544351073 0.40349264705882354 0.8048552754435108 0.40923713235294124 0.8106909430438842 0.41600285947712423 0.8060224089635855 0.41932189542483667 0.8008870214752567 0.4041309232026144 0.7854808590102708 0.4041309232026144 0.7754435107376284
3 0.5756995506535948 0.7429971988795518 0.5708486519607844 0.7553688141923436 0.5764654820261439 0.7633053221288515 0.5832312091503268 0.7705415499533147 0.5910181781045752 0.7735760971055088 0.59765625 0.7710084033613446 0.604421977124183 0.7637721755368814 0.5912734885620916 0.7474323062558356 0.589358660130719 0.7394957983193277 0.5861672794117647 0.7453314659197011 0.5808057598039216 0.7471988795518206
3 0.7565870098039216 0.7350606909430439 0.7528850081699348 0.742530345471522 0.7567146650326798 0.7572362278244631 0.7653952205882353 0.7633053221288515 0.7712673611111112 0.7628384687208216 0.7781607434640523 0.7586367880485527 0.7698631535947713 0.7439309056956116 0.7679483251633987 0.7292250233426704 0.7639910130718954 0.7357609710550888 0.7597783905228759 0.7352941176470589
3 0.9496017156862745 0.7142857142857143 0.9473039215686274 0.7259570494864612 0.9531760620915032 0.7413632119514473 0.962111928104575 0.7427637721755369 0.9681117238562091 0.7390289449112978 0.9743668300653594 0.7338935574229692 0.9655586192810457 0.7133520074696545 0.964282066993464 0.703548085901027 0.9601970996732027 0.7103174603174603 0.9564950980392156 0.7133520074696545 0.953048406862745 0.7133520074696545
