0 0.0003633720930232693 0.2602436323366556 0.21838662790697677 0.2513842746400886 0.5666182170542636 0.24031007751937986 0.8118943798449612 0.24584717607973422 0.99921875 0.25575979318669817 0.99921875 0.3599114064230343 0.8379360465116278 0.3499446290143965 0.5890261627906976 0.34551495016611294 0.3492005813953488 0.35105204872646734 0.10937500000000003 0.3576965669988926 0.0 0.3653888746912003
1 0.07998021108179419 0.35959291368262347 0.09008080474934037 0.40444779494911426 0.09049307387862797 0.44591029023746703 0.08987467018469657 0.5540897097625329 0.08987467018469657 0.5721824349792688 0.09440963060686017 0.5936675461741424 0.10657156992084434 0.6113833396155296 0.1160537598944591 0.6302299283829627 0.12656662269129287 0.6404070863173765 0.13955310026385223 0.6468149264983039 0.14511873350923482 0.6339992461364493 0.15975428759894458 0.5880135695439126 0.17377143799472294 0.5322276667923106 0.17459597625329815 0.5163965322276668 0.16738126649076518 0.5118733509234829 0.15851748021108178 0.5081040331699962 0.1558377308707124 0.5163965322276668 0.14202671503957784 0.5612514134941576 0.12491754617414248 0.6181681115718055 0.11028199208443272 0.5880135695439126 0.10780837730870711 0.575197889182058 0.10760224274406331 0.5544666415378816 0.10925131926121372 0.4372408594044478 0.11358014511873352 0.4048247267244629 0.1172905672823219 0.37240859404447796 0.1172905672823219 0.35883905013192613
1 0.3124473905723906 0.35257335257335254 0.32060185185185186 0.39730639730639733 0.3213909932659933 0.4492544492544492 0.32060185185185186 0.5598845598845599 0.3224431818181818 0.5863395863395863 0.32796717171717177 0.6200096200096199 0.3358585858585859 0.6498316498316498 0.3448021885521886 0.6729196729196729 0.35164141414141414 0.6825396825396826 0.3697916666666667 0.6854256854256854 0.37873526936026936 0.6748436748436748 0.3908354377104377 0.6445406445406445 0.4105639730639731 0.5935545935545935 0.4037247474747475 0.5863395863395863 0.3892571548821549 0.5815295815295815 0.3805765993265994 0.6007696007696007 0.36400462962962965 0.6416546416546416 0.3595328282828283 0.6522366522366522 0.3442760942760943 0.594035594035594 0.3429608585858586 0.5512265512265512 0.3453282828282828 0.40692640692640686 0.3474326599326599 0.3819143819143819 0.34769570707070707 0.3511303511303511
1 0.5497159090909092 0.3468013468013468 0.5618160774410775 0.36940836940836935 0.5657617845117846 0.39249639249639245 0.5652356902356903 0.41221741221741215 0.564709595959596 0.468013468013468 0.5636574074074074 0.5536315536315536 0.5639204545454546 0.5719095719095718 0.5686553030303031 0.5978835978835978 0.5770728114478115 0.6272246272246272 0.5883838383838385 0.6599326599326598 0.5996948653198654 0.682058682058682 0.616266835016835 0.6883116883116883 0.631523569023569 0.6685906685906685 0.6475694444444444 0.6349206349206349 0.667561026936027 0.5911495911495911 0.6636153198653199 0.582010582010582 0.6515151515151516 0.5752765752765753 0.6441498316498316 0.581048581048581 0.608375420875421 0.6613756613756613 0.5852272727272727 0.5877825877825877 0.5841750841750842 0.5454545454545454 0.5868055555555556 0.4227994227994228 0.5891729797979799 0.3843193843193843 0.5915404040404041 0.3463203463203463
1 0.7965561224489796 0.3498542274052478 0.8128188775510203 0.37317784256559766 0.8160076530612244 0.40291545189504374 0.8169642857142856 0.4874635568513119 0.8163265306122449 0.558600583090379 0.8211096938775511 0.5895043731778425 0.8290816326530612 0.6134110787172011 0.8510841836734693 0.6588921282798833 0.8695790816326531 0.6874635568513119 0.8858418367346939 0.6927113702623906 0.9021045918367345 0.6717201166180757 0.9413265306122449 0.593002915451895 0.9371811224489794 0.5819241982507288 0.9282525510204082 0.5766763848396501 0.8858418367346939 0.6559766763848396 0.8737244897959183 0.668804664723032 0.8399234693877551 0.6017492711370261 0.8360969387755102 0.5842565597667638 0.8332270408163265 0.5311953352769679 0.8351403061224489 0.39883381924198247 0.8380102040816325 0.3784256559766763 0.8380102040816325 0.3527696793002915
2 0.1545258620689655 0.5201970443349754 0.17446120689655173 0.5288669950738916 0.17607758620689656 0.518423645320197 0.15862068965517243 0.5054187192118227
2 0.38362068965517243 0.594088669950739 0.40829741379310347 0.5998029556650246 0.4086206896551724 0.5895566502463054 0.39094827586206893 0.5808866995073892
2 0.6410560344827586 0.5911330049261084 0.665625 0.5958620689655173 0.6693965517241379 0.5822660098522168 0.6502155172413793 0.5737931034482758
2 0.922198275862069 0.5875862068965517 0.9392241379310345 0.5978325123152709 0.9420258620689654 0.5901477832512315 0.928448275862069 0.5755665024630542
3 0.12495363501483678 0.6163628656210258 0.11904209940652818 0.6227214921576939 0.11382603857566764 0.6246290801186943 0.12437407270029673 0.6373463331920305 0.13909495548961423 0.6451886392539211 0.14141320474777447 0.639041966935142
3 0.35979228486646886 0.6532428995337007 0.3535330118694362 0.6640525646460365 0.341941765578635 0.6640525646460365 0.35109885014836795 0.6805849936413734 0.36999258160237386 0.685459940652819 0.3762518545994065 0.6780415430267062
3 0.6078449554896143 0.6593895718524798 0.6006583827893175 0.6642645188639253 0.596253709198813 0.661933022467147 0.5921967729970327 0.6682916490038152 0.6010061201780414 0.6810089020771514 0.6168861275964391 0.6875794828317083 0.6233772255192879 0.6799491309877067
3 0.8744436201780414 0.6701992369648155 0.869807121661721 0.668927511657482 0.8633160237388724 0.6780415430267062 0.8710821587537092 0.6865197117422637 0.8840643545994065 0.6916066129715981 0.8818620178041543 0.675710046629928
