0 0.20506298449612403 0.0011074197120708748 0.6859253875968992 0.44518272425249167 0.99921875 0.7498352953225921 0.9990310077519379 0.8604651162790696 0.749515503875969 0.610188261351052 0.41763565891472865 0.29014396456256925 0.10513565891472872 0.0
1 0.10787619904076742 0.0027406646111682084 0.10337979616306958 0.04316546762589928 0.054294064748201476 0.1555327166837958 0.04249100719424464 0.19287427201096266 0.04211630695443649 0.20486467968482355 0.051671163069544404 0.2182254196642686 0.05635491606714632 0.21685508735868447 0.08745503597122306 0.16752312435765673 0.08876648681055159 0.15861596437136005 0.0807104316546763 0.1421719767043508 0.07546462829736214 0.14525522439191504 0.10993705035971227 0.06954436450839328 0.12736061151079142 0.04522096608427544 0.13504196642685856 0.028091812264474138
1 0.2472646882494005 0.13532031517643028 0.24389238609112715 0.17060637204522097 0.20398681055155882 0.2648167180541281 0.19780425659472428 0.28228845495032545 0.1966801558752998 0.3216855087358685 0.20923261390887293 0.3429256594724221 0.21710131894484416 0.33744433025008563 0.25607014388489213 0.28126070572113737 0.2545713429256595 0.27201096265844465 0.245953237410072 0.2593353888317917 0.23977068345323746 0.263103802672148 0.21054406474820148 0.3018156903048989 0.2120428657074341 0.28639945186707777 0.2530725419664269 0.19287427201096266 0.27199490407673865 0.1699212058924289 0.2744304556354916 0.15724563206577596
1 0.39264838129496404 0.2692702980472765 0.38721522781774587 0.30352860568687906 0.36061151079136694 0.37889688249400477 0.34749700239808157 0.41247002398081534 0.33887889688249406 0.4395340870161014 0.3321342925659473 0.47413497773210006 0.32969874100719426 0.5025693730729702 0.34431205035971224 0.5227817745803358 0.35424160671462834 0.5186707776635834 0.38477967625899284 0.47550531003768415 0.38140737410071945 0.4611168208290511 0.37166516786570747 0.4487838300787941 0.36173561151079137 0.4570058239122987 0.3561151079136691 0.4645426515930113 0.35499100719424465 0.4635149023638232 0.36173561151079137 0.4347379239465571 0.4007044364508393 0.3394998287084618 0.41025929256594723 0.3168893456663241 0.41887739808153474 0.29290853031860226
1 0.5498351318944844 0.41795135320315174 0.551146582733813 0.43028434395340875 0.544027278177458 0.4618019869818431 0.5031849520383693 0.5707434052757794 0.4973770983213429 0.5882151421719767 0.4940047961630696 0.6135662898252826 0.4904451438848921 0.6478245974648853 0.49213129496402874 0.6697499143542309 0.5026229016786571 0.6861939020212402 0.5127398081534772 0.6855087358684482 0.5532074340527579 0.6430284343953409 0.5532074340527579 0.6341212744090442 0.5408423261390888 0.6132237067488866 0.5099295563549161 0.645426515930113 0.5116157074340528 0.6228160328879753 0.5159247601918465 0.6002055498458376 0.5412170263788969 0.5351147653305927 0.563324340527578 0.4809866392600206 0.5717550959232615 0.4679684823569715 0.5794364508393286 0.4457005823912299
1 0.7216351918465228 0.5837615621788284 0.7225719424460432 0.6002055498458376 0.7177008393285372 0.6231586159643714 0.7128297362110312 0.6420006851661527 0.6776079136690647 0.7458033573141487 0.6731115107913669 0.7656731757451183 0.6727368105515588 0.7903391572456321 0.6770458633093525 0.8537170263788969 0.6813549160671463 0.8667351832819459 0.6899730215827338 0.8776978417266188 0.6989658273381295 0.8780404248030147 0.7115182853717027 0.8725590955806783 0.743929856115108 0.8478931140801644 0.7532973621103117 0.8369304556354916 0.7502997601918465 0.8300787941075711 0.7403702038369304 0.8126070572113737 0.7263189448441247 0.8239122987324425 0.6920338729016786 0.8499486125385407 0.6895983213429256 0.8434395340870161 0.6884742206235013 0.777321000342583 0.6948441247002398 0.7588215142171977 0.7291291966426858 0.6608427543679342 0.7401828537170264 0.6344638574854402 0.7493630095923262 0.6094552929085303
1 0.9256594724220623 0.7872559095580678 0.9267835731414868 0.8132922233641657 0.9228492206235013 0.8328194587187392 0.9091726618705035 0.8708461801986982 0.8851918465227818 0.9253168893456662 0.873388788968825 0.9575196985268929 0.863646582733813 0.9941760877012676 0.8637968141112111 0.9985714285714286 0.880882793764988 0.9985714285714286 0.8865032973621103 0.9811579307982186 0.8936226019184652 0.9612881123672491 0.9129196642685852 0.9167523124357657 0.9348396282973621 0.8643371017471738 0.9470173860911271 0.8352175402535115 0.9531999400479616 0.816032887975334
2 0.07410037878787878 0.15194805194805194 0.08735795454545454 0.16926406926406926 0.09019886363636362 0.15757575757575756 0.07930871212121211 0.14199134199134197
2 0.23910984848484848 0.2662337662337662 0.2540246212121212 0.2861471861471861 0.2563920454545454 0.27705627705627706 0.24739583333333331 0.2584415584415584
2 0.36410984848484845 0.45844155844155837 0.38281249999999994 0.47878787878787876 0.38541666666666663 0.46969696969696967 0.3705018939393939 0.44805194805194803
2 0.5345643939393938 0.6212121212121212 0.5516098484848484 0.6458874458874458 0.5553977272727273 0.6367965367965367 0.5411931818181818 0.6112554112554112
2 0.7329545454545454 0.8190476190476189 0.7374526515151515 0.8307359307359307 0.7445549242424242 0.8272727272727272 0.7514204545454545 0.841125541125541 0.7516571969696969 0.8303030303030302 0.7407670454545454 0.8142857142857143
3 0.04228193681318681 0.20368916797488226 0.053871909340659344 0.22135007849293564 0.06052541208791209 0.21153846153846154 0.043569711538461536 0.18799058084772372
3 0.21100820135746612 0.3015513897866839 0.20199377828054305 0.3125404007756949 0.19775169683257923 0.31060116354234 0.19845871040723986 0.3222365869424693 0.20853365384615388 0.34195216548157725 0.21295248868778285 0.3367808661926309 0.20623585972850683 0.3160956690368455
3 0.33561934389140274 0.4877181641887524 0.3299632352941177 0.4877181641887524 0.3306702488687783 0.5029088558500323 0.34339649321266974 0.5210084033613445 0.3517039027149322 0.5190691661279897 0.33526583710407243 0.49482870071105367
3 0.5009107836787565 0.6558105107327905 0.4948388924870467 0.6543301258327165 0.4911957577720208 0.6550703182827535 0.4920053432642487 0.6683937823834197 0.5025299546632125 0.6850481125092525 0.5114353950777202 0.685418208734271
3 0.6911633743523317 0.8497409326424871 0.676388439119171 0.8471502590673575 0.6796267810880829 0.8608438193930422 0.6893418069948187 0.8771280532938565 0.6984496437823835 0.8786084381939304
