0 0.013020833333333334 0.03373015873015873 0.5376519097222222 0.000992063492063492 0.012478298611111112 0.000992063492063492
1 0.00027412280701754384 0.17343358395989975 0.004660087719298245 0.1994987468671679 0.010142543859649123 0.16491228070175437 0.017543859649122806 0.16992481203007517 0.018092105263157895 0.18095238095238095 0.015350877192982457 0.2325814536340852 0.004934210526315789 0.2325814536340852 0.001644736842105263 0.22756892230576442 0.00027412280701754384 0.21904761904761902
1 0.11129385964912279 0.024060150375939848 0.11869517543859649 0.05714285714285714 0.12143640350877191 0.09122807017543859 0.12390350877192982 0.15588972431077694 0.13020833333333331 0.18596491228070175 0.13760964912280702 0.2220551378446115 0.15213815789473684 0.2195488721804511 0.1587171052631579 0.18095238095238095 0.15899122807017543 0.1538847117794486 0.1524122807017544 0.15037593984962405 0.1450109649122807 0.15639097744360902 0.1430921052631579 0.18145363408521303 0.14007675438596492 0.17543859649122806 0.13596491228070176 0.14235588972431076 0.13432017543859648 0.09072681704260652 0.13486842105263158 0.05513784461152882 0.13514254385964913 0.02756892230576441
1 0.24205043859649122 0.014536340852130325 0.2494517543859649 0.033583959899749376 0.2513706140350877 0.04962406015037594 0.25109649122807015 0.08070175438596491 0.24972587719298245 0.11729323308270677 0.24890350877192985 0.14987468671679197 0.25959429824561403 0.20651629072681701 0.2683662280701754 0.23007518796992482 0.27823464912280704 0.23157894736842105 0.28591008771929827 0.20701754385964913 0.2919407894736842 0.18696741854636592 0.29084429824561403 0.17293233082706766 0.27713815789473684 0.17042606516290726 0.2741228070175438 0.19598997493734335 0.2683662280701754 0.18796992481203006 0.2675438596491228 0.16691729323308271 0.2628837719298246 0.14135338345864662 0.2650767543859649 0.056140350877192984 0.26809210526315785 0.02756892230576441 0.2683662280701754 0.015037593984962405
1 0.38048245614035087 0.009523809523809523 0.38898026315789475 0.03508771929824561 0.3887061403508772 0.07368421052631578 0.3939144736842105 0.14335839598997493 0.39528508771929827 0.16641604010025063 0.4136513157894736 0.21654135338345862 0.42680921052631576 0.21704260651629073 0.4364035087719298 0.19548872180451127 0.4465460526315789 0.1644110275689223 0.4446271929824562 0.15639097744360902 0.43338815789473684 0.15338345864661654 0.41995614035087714 0.19699248120300752 0.40625 0.15639097744360902 0.40625 0.1343358395989975 0.40268640350877194 0.048120300751879695 0.40213815789473684 0.002506265664160401
1 0.53125 0.0010025062656641604 0.5422149122807017 0.03107769423558897 0.5449561403508771 0.143859649122807 0.5556469298245614 0.1794486215538847 0.5638706140350876 0.2030075187969925 0.5770285087719298 0.2075187969924812 0.5858004385964912 0.1904761904761905 0.5997807017543859 0.14285714285714285 0.5953947368421052 0.1338345864661654 0.5896381578947368 0.1338345864661654 0.5696271929824561 0.19147869674185464 0.5548245614035088 0.14686716791979948 0.5526315789473684 0.09924812030075188 0.5526315789473684 0.042606516290726815 0.5545504385964912 0.02355889724310777 0.5523574561403508 0.007518796992481203
1 0.6869517543859649 0.0010025062656641604 0.6957236842105263 0.024060150375939848 0.6943530701754386 0.056641604010025055 0.6984649122807017 0.12681704260651627 0.7020285087719298 0.14335839598997493 0.7225877192982456 0.17243107769423557 0.7376644736842105 0.18195488721804512 0.7453399122807017 0.16892230576441103 0.7653508771929824 0.11228070175438597 0.765625 0.10125313283208019 0.7584978070175439 0.09423558897243108 0.753015350877193 0.09924812030075188 0.7335526315789473 0.15739348370927317 0.7269736842105263 0.16340852130325814 0.7094298245614035 0.13984962406015036 0.707236842105263 0.10275689223057644 0.7058662280701754 0.05112781954887218 0.707236842105263 0.017543859649122806 0.7110745614035088 0.0005012531328320802
1 0.8396381578947368 0.0 0.8464912280701753 0.022556390977443608 0.8464912280701753 0.061152882205513785 0.8464912280701753 0.11779448621553884 0.846765350877193 0.14686716791979948 0.8588267543859649 0.18245614035087718 0.8678728070175439 0.20501253132832079 0.8810307017543859 0.21353383458646613 0.8919956140350876 0.20050125313283204 0.903234649122807 0.17644110275689223 0.9158442982456141 0.1543859649122807 0.9106359649122806 0.14636591478696742 0.9018640350877194 0.14185463659147868 0.8944627192982455 0.15889724310776943 0.8824013157894737 0.18245614035087718 0.8771929824561402 0.19147869674185464 0.8681469298245613 0.17393483709273183 0.8612938596491228 0.14786967418546365 0.8577302631578947 0.11929824561403508 0.8596491228070174 0.056140350877192984 0.8596491228070174 0.0040100250626566416
2 0.007688492063492064 0.17687074829931973 0.01810515873015873 0.17868480725623584 0.01810515873015873 0.16598639455782313 0.003968253968253968 0.1619047619047619
2 0.14484126984126983 0.163265306122449 0.15873015873015875 0.16916099773242632 0.15947420634920634 0.15736961451247167 0.15153769841269843 0.1510204081632653 0.14608134920634921 0.15328798185941042
2 0.28125 0.18321995464852608 0.29290674603174605 0.1909297052154195 0.2924107142857143 0.17596371882086168 0.2844742063492064 0.16961451247165535 0.2787698412698413 0.1741496598639456
2 0.42857142857142855 0.16417233560090702 0.433779761904762 0.17052154195011338 0.44196428571428575 0.17052154195011338 0.44717261904761907 0.16507936507936508 0.4451884920634921 0.1564625850340136 0.4347718253968254 0.15419501133786848
2 0.5865575396825398 0.14285714285714285 0.5907738095238095 0.14784580498866212 0.5994543650793651 0.1469387755102041 0.5984623015873016 0.13877551020408163 0.5939980158730159 0.13424036281179139 0.5892857142857143 0.13242630385487528
2 0.751984126984127 0.10294784580498866 0.7552083333333334 0.11111111111111112 0.7658730158730159 0.11247165532879819 0.7658730158730159 0.10113378684807257 0.7566964285714286 0.09251700680272108
2 0.8980654761904763 0.1523809523809524 0.9027777777777779 0.15555555555555556 0.912202380952381 0.1578231292517007 0.9136904761904763 0.14875283446712018 0.9084821428571429 0.14421768707482993 0.9012896825396826 0.14240362811791382
3 0.1396254208754209 0.1991341991341991 0.13436447811447816 0.20153920153920155 0.1390993265993266 0.21596921596921595 0.15251473063973067 0.21837421837421836 0.15251473063973067 0.2126022126022126 0.14304503367003368 0.2068302068302068
3 0.27062289562289565 0.20586820586820587 0.26799242424242425 0.21019721019721022 0.2632575757575758 0.21789321789321786 0.26799242424242425 0.22607022607022603 0.2800925925925926 0.22847522847522847 0.27220117845117847 0.21596921596921595
3 0.005208333333333381 0.23136123136123135 0.01467803030303035 0.2299182299182299 0.016519360269360316 0.2217412217412217 0.008627946127946175 0.2198172198172198 0.0038930976430976904 0.20298220298220299 0.00021043771043775827 0.21837421837421836
3 0.417929292929293 0.19672919672919673 0.4134574915824916 0.20586820586820587 0.4134574915824916 0.21404521404521404 0.42739898989898994 0.21596921596921595 0.41766624579124584 0.20779220779220778
3 0.5694444444444444 0.19288119288119288 0.5670770202020202 0.18855218855218855 0.562868265993266 0.19624819624819623 0.5691813973063973 0.20346320346320343 0.5762836700336701 0.20490620490620487 0.5739162457912459 0.19624819624819623
3 0.734375 0.16142857142857142 0.7302083333333333 0.1657142857142857 0.7236979166666667 0.16095238095238096 0.7221354166666667 0.1719047619047619 0.7388020833333333 0.18 0.7424479166666667 0.1757142857142857 0.7354166666666667 0.16857142857142857
3 0.875 0.19428571428571428 0.86796875 0.2 0.875 0.2057142857142857 0.8828125 0.21047619047619048 0.8869791666666667 0.2042857142857143 0.8770833333333334 0.2004761904761905
