0 0.16751453488372095 0.0011074197120708748 0.4055232558139535 0.1627906976744186 0.6956153100775194 0.3654485049833887 0.9051598837209301 0.5160575858250277 0.9978197674418604 0.5858250276854928 0.998425387596899 0.6821705426356589 0.8470203488372092 0.566998892580288 0.5096899224806202 0.3322259136212624 0.2819767441860465 0.18161683277962348 0.020348837209302337 0.0011074197120708748
1 0.10359922178988326 0.039466370205669815 0.10694309338521399 0.08171206225680934 0.08535992217898833 0.1801000555864369 0.08232003891050584 0.1973318510283491 0.09356760700389104 0.2340188993885492 0.104511186770428 0.2579210672595887 0.11484678988326849 0.2784880489160645 0.12396643968871594 0.2784880489160645 0.13703793774319067 0.26681489716509177 0.1768604085603113 0.2134519177320734 0.17169260700389105 0.19677598665925516 0.1601410505836576 0.1773207337409672 0.15010943579766536 0.1895497498610339 0.11484678988326849 0.23902167871039467 0.10755107003891051 0.24013340744858255 0.10268725680933852 0.21678710394663703 0.10603112840466926 0.1934408004446915 0.12396643968871594 0.1161756531406337 0.13156614785992218 0.08226792662590328 0.13855787937743191 0.06837131739855476
1 0.29754377431906615 0.1784324624791551 0.30210359922178986 0.19066147859922178 0.29815175097276264 0.21678710394663703 0.2780885214007782 0.31072818232351307 0.2780885214007782 0.339633129516398 0.2926799610894942 0.38299055030572543 0.3075753891050584 0.4107837687604225 0.32277480544747084 0.4080044469149528 0.36746108949416345 0.3463035019455253 0.3604693579766537 0.3257365202890495 0.35195768482490275 0.31461923290717064 0.3127431906614786 0.367982212340189 0.30423151750972766 0.3729849916620345 0.29936770428015563 0.3668704836020011 0.29450389105058367 0.3446359088382435 0.3002796692607004 0.31017231795441913 0.32186284046692604 0.21122846025569764 0.32915856031128404 0.19399666481378547
1 0.4823686770428015 0.2962757087270706 0.4872324902723735 0.31851028349082827 0.4863205252918288 0.34130072262367983 0.4717290856031128 0.4124513618677043 0.46838521400778205 0.43524180100055593 0.4720330739299611 0.4647026125625348 0.4933122568093385 0.5152862701500834 0.5021279182879377 0.5247359644246804 0.5164153696498055 0.5225125069483046 0.5641415369649805 0.4641467481934408 0.555021887159533 0.4374652584769317 0.5486381322957199 0.4374652584769317 0.5082076848249028 0.4863813229571985 0.49878404669260695 0.49305169538632576 0.489056420233463 0.4847137298499167 0.4832806420233463 0.4635908838243469 0.489056420233463 0.42468037798777103 0.503647859922179 0.349638688160089 0.5066877431906615 0.3235130628126737 0.5158073929961089 0.311284046692607
1 0.6638497081712063 0.4224569205113953 0.6720573929961089 0.43968871595330744 0.6702334630350195 0.46970539188438026 0.65625 0.5586436909394108 0.6568579766536965 0.5808782657031685 0.6857368677042801 0.6492495831017232 0.6957684824902723 0.6553640911617565 0.7121838521400778 0.6448026681489717 0.7477504863813229 0.595330739299611 0.7434946498054475 0.5797665369649806 0.7361989299610895 0.566425792106726 0.7276872568093384 0.575875486381323 0.7012402723735408 0.6120066703724292 0.6906006809338521 0.622568093385214 0.6820890077821011 0.613674263479711 0.6735773346303502 0.5992217898832685 0.6696254863813229 0.5892162312395776 0.68056906614786 0.5052807115063924 0.6890807392996109 0.4524735964424681 0.6975924124513619 0.4374652584769317
1 0.8152358949416343 0.5391884380211229 0.8219236381322957 0.5575319622012229 0.8325632295719844 0.5680933852140079 0.8261794747081712 0.6625903279599777 0.8252675097276265 0.6814897165091718 0.8349951361867705 0.7204002223457476 0.8495865758754864 0.7437465258476932 0.8620500972762646 0.7615341856586993 0.8778574902723735 0.763201778765981 0.8951848249027238 0.7426347971095054 0.9201118677042801 0.699277376320178 0.9119041828793775 0.6775986659255142 0.9073443579766536 0.6775986659255142 0.8848492217898833 0.7153974430239022 0.8711697470817121 0.7315175097276265 0.8611381322957199 0.727626459143969 0.8365150778210116 0.6920511395219567 0.8447227626459144 0.5680933852140079 0.8508025291828794 0.547526403557532
1 0.9663180933852139 0.651473040578099 0.9863813229571985 0.6848249027237354 0.9669260700389104 0.7654252362423569 0.9617582684824904 0.7937743190661479 0.9763497081712063 0.849916620344636 0.9888132295719844 0.8832684824902725 0.9991488326848248 0.8838243468593664 0.9988448443579767 0.8526959421901056 0.9912451361867705 0.8510283490828239 0.982125486381323 0.8299055030572541 0.9763497081712063 0.7982212340188994 0.9897251945525293 0.7292940522512507 0.9964129377431906 0.6964980544747083 0.9970209143968871 0.6709282934963869
2 0.14706955252918288 0.19232907170650362 0.1662208171206226 0.23068371317398556 0.17655642023346302 0.21456364647026127 0.1607490272373541 0.17620900500277933 0.14767752918287938 0.1928849360755976
2 0.3419260700389105 0.330183435241801 0.35712548638132297 0.3602001111728738 0.36989299610894943 0.3446359088382435 0.35317363813229574 0.3140633685380767
2 0.5419503891050583 0.4452473596442469 0.555021887159533 0.47804335742078935 0.5647495136186771 0.4641467481934408 0.5522859922178988 0.43190661478599224
2 0.7276872568093384 0.5792106725958867 0.7395428015564203 0.6064480266814898 0.7492704280155642 0.5925514174541412 0.7361989299610895 0.5636464702612564
2 0.9033925097276265 0.6870483602001113 0.9085603112840467 0.7165091717620902 0.9210238326848248 0.699277376320178 0.9119041828793775 0.6742634797109506
3 0.104511186770428 0.23179544191217344 0.09630350194552528 0.23957754307948861 0.10603112840466926 0.2595886603668705 0.11332684824902724 0.27626459143968873 0.12305447470817121 0.27793218454697055 0.11211089494163425 0.24680377987770985 0.11393482490272373 0.23846581434130074 0.10633511673151749 0.23846581434130074
3 0.3002796692607004 0.36631461923290726 0.2902480544747082 0.3746525847693163 0.29815175097276264 0.39188438021122846 0.30727140077821014 0.4091161756531406 0.3148711089494164 0.4091161756531406 0.30453550583657585 0.3852140077821012 0.3081833657587549 0.3729849916620345 0.30240758754863817 0.3713173985547527
3 0.4863205252918288 0.47748749305169547 0.48115272373540857 0.4874930516953863 0.48875243190661477 0.5125069483046136 0.497568093385214 0.5202890494719289 0.5091196498054474 0.5275152862701501 0.501215953307393 0.5036131183991106 0.5018239299610895 0.49305169538632576 0.49635214007782097 0.49305169538632576 0.48966439688715957 0.48360200111172874
3 0.6784411478599222 0.6081156197887716 0.6729693579766537 0.6209005002779322 0.6790491245136187 0.6347971095052808 0.6842169260700388 0.650917176209005 0.6927285992217899 0.6553640911617565 0.695464494163424 0.6531406336853808 0.6893847276264592 0.6336853807670928 0.6927285992217899 0.6236798221234019 0.6854328793774319 0.6220122290161201 0.6826969844357976 0.6175653140633686
3 0.8608363309352518 0.7273038711887633 0.854279076738609 0.736896197327852 0.8559652278177458 0.7533401849948612 0.8645833333333334 0.7629325111339499 0.8741381894484412 0.7622473449811579 0.8797586930455635 0.7622473449811579 0.8718899880095924 0.7403220280918122 0.8722646882494004 0.7290167865707434 0.8658947841726619 0.7327852004110996
3 0.9914193645083932 0.8520041109969168 0.9895458633093526 0.8842069201781432 0.99921875 0.8842069201781432 0.9987260191846523 0.8526892771497088
