0 0.0021802325581395483 0.39091915836101887 0.5502664728682171 0.42303433001107416 0.9978197674418604 0.4717607973421927 0.9990310077519379 0.5647840531561461 0.5635901162790697 0.5193798449612402 -8.881784197001253e-17 0.49059930319391265
1 0.015442607003891037 0.49249583101723177 0.01574659533073929 0.5169538632573653 0.014834630350194538 0.548082267926626 0.01574659533073929 0.660366870483602 0.017266536964980532 0.7443023902167871 0.037329766536964966 0.8343524180100056 0.04280155642023345 0.8465814341300723 0.06377675097276264 0.7971095052807115 0.08262402723735408 0.7971095052807115 0.08383998054474708 0.8065591995553086 0.08262402723735408 0.8154530294608117 0.056481031128404656 0.8749305169538634 0.05070525291828794 0.8804891606448028 0.02973005836575874 0.8838243468593664 0.022738326848249016 0.8754863813229573 0.0 0.7829045766166389 0.0 0.49082823790995
1 0.22519455252918288 0.5041689827682047 0.2376580739299611 0.5325180655919955 0.24373784046692606 0.575875486381323 0.24556177042801558 0.6108949416342413 0.24860165369649806 0.737076153418566 0.2528574902723736 0.77431906614786 0.25984922178988323 0.7993329627570873 0.2720087548638132 0.8271261812117843 0.28325632295719844 0.8554752640355754 0.2926799610894942 0.878265703168427 0.3014956225680934 0.886047804335742 0.32551070038910507 0.8760422456920511 0.3659411478599222 0.7971095052807115 0.359557392996109 0.7876598110061145 0.344965953307393 0.7921067259588662 0.3109192607003891 0.8599221789883269 0.30210359922178986 0.8438021122846026 0.27140077821011677 0.7609783212896054 0.2674489299610895 0.6859366314619233 0.2674489299610895 0.5597554196775987 0.27109678988326846 0.529182879377432 0.26836089494163423 0.5075041689827682 0.27383268482490275 0.49916620344635915
1 0.5118555447470816 0.5169538632573653 0.5203672178988327 0.5425236242356866 0.5273589494163424 0.5730961645358533 0.5291828793774319 0.6197887715397443 0.5249270428015563 0.688160088938299 0.5203672178988327 0.7509727626459145 0.519455252918288 0.7876598110061145 0.5261429961089494 0.8360200111172875 0.5325267509727627 0.8754863813229573 0.5459022373540856 0.9171762090050029 0.5553258754863812 0.9277376320177877 0.5717412451361867 0.9227348526959422 0.6194674124513618 0.8854919399666482 0.6139956225680934 0.8754863813229573 0.6021400778210116 0.8788215675375209 0.56596546692607 0.9077265147304058 0.5614056420233463 0.9027237354085603 0.5553258754863812 0.878265703168427 0.5383025291828794 0.782657031684269 0.54164640077821 0.7209560867148417 0.5516780155642024 0.5892162312395776 0.5525899805447471 0.5575319622012229 0.5589737354085603 0.5258476931628683 0.5623176070038911 0.5158421345191774
1 0.7571741245136187 0.537520844913841 0.7644698443579767 0.5597554196775987 0.7729815175097277 0.5925514174541412 0.773589494163424 0.6181211784324625 0.7690296692607004 0.7437465258476932 0.7678137159533074 0.7787659811006115 0.7699416342412452 0.8043357420789328 0.7772373540856031 0.839355197331851 0.7933487354085603 0.8838243468593664 0.8061162451361868 0.9177320733740968 0.8200997081712063 0.9266259032795998 0.8377310311284047 0.9216231239577544 0.886977140077821 0.8576987215119511 0.8808973735408561 0.8482490272373541 0.8711697470817121 0.8538076709282936 0.8577942607003891 0.8665925514174542 0.8273954280155642 0.9010561423012785 0.8207076848249028 0.8949416342412453 0.8134119649805447 0.8804891606448028 0.7893968871595332 0.8032240133407449 0.78818093385214 0.7637576431350751 0.7918287937743191 0.6709282934963869 0.7960846303501945 0.5753196220122291 0.806420233463035 0.5441912173429683
2 0.05557193396226421 0.8160377358490566 0.06183667452830195 0.8247978436657682 0.08357900943396232 0.8153638814016171 0.08394752358490572 0.8039083557951483 0.08284198113207553 0.7924528301886793 0.06146816037735855 0.797843665768194
2 0.3375330105633803 0.8088531187122737 0.34275968309859156 0.8199195171026158 0.3573393485915493 0.8123742454728371 0.3644916373239437 0.7987927565392354 0.35954005281690143 0.7862173038229376 0.3455105633802817 0.7927565392354124
2 0.5944652288732395 0.885814889336016 0.5961157570422536 0.8988933601609659 0.6007922535211268 0.8998993963782697 0.6211487676056338 0.886317907444668 0.6128961267605634 0.8742454728370221 0.6013424295774648 0.8792756539235412
2 0.8607638888888889 0.8653968253968255 0.8661458333333334 0.8765079365079365 0.8743055555555556 0.8733333333333334 0.8871527777777779 0.8577777777777778 0.8803819444444445 0.8463492063492064 0.868923611111111 0.853015873015873
3 0.04068458686440674 0.8498789346246974 0.01982918432203385 0.864406779661017 0.030091366525423685 0.8843825665859566 0.05525026483050843 0.8789346246973366 0.03869835805084741 0.8668280871670702
3 0.30750132415254233 0.8571428571428571 0.29558395127118636 0.8650121065375302 0.29128045550847453 0.8789346246973366 0.30220471398305077 0.8880145278450363 0.31312897245762705 0.8801452784503633 0.3247153072033898 0.8746973365617433 0.31114274364406774 0.8746973365617433
3 0.5610765360169492 0.8983050847457628 0.5484970868644068 0.9067796610169493 0.5432004766949152 0.9146489104116223 0.550483315677966 0.9213075060532688 0.5614075741525424 0.9249394673123488 0.571338718220339 0.9194915254237289 0.5657110699152542 0.9098062953995159
3 0.820610434322034 0.8946731234866828 0.8110103283898304 0.9007263922518159 0.8060447563559322 0.9146489104116223 0.8129965572033898 0.9219128329297821 0.822265625 0.9243341404358354 0.8305415783898304 0.9219128329297821 0.8252449682203389 0.9037530266343827
