0 0.1650920542635659 0.9977851605758581 0.313468992248062 0.7475083056478404 0.5236191860465117 0.40753045404208194 0.6732073643410852 0.16500553709856036 0.7834302325581396 0.00221483942414175 0.8488372093023255 0.0011074197120708748 0.65625 0.29235880398671094 0.4351986434108527 0.6500553709856035 0.28924418604651164 0.8837209302325582 0.21979207429561715 0.9985714285714286
1 0.30468750000000006 0.8553113553113554 0.3051883012820513 0.8841575091575091 0.31445312500000006 0.9061355311355311 0.32446915064102566 0.9313186813186813 0.35151241987179493 0.9784798534798536 0.36250000000000004 0.9985714285714286 0.39833733974358976 0.9985714285714286 0.3965845352564103 0.9752747252747251 0.3920773237179488 0.9363553113553112 0.3903245192307693 0.9194139194139194 0.39708533653846156 0.907967032967033 0.40184294871794873 0.9143772893772893 0.40509815705128205 0.9363553113553112 0.4083533653846154 0.9642857142857143 0.4101061698717949 0.9775641025641026 0.41060697115384615 0.9972527472527473 0.3462540064102565 0.9981684981684982 0.3322315705128206 0.9775641025641026 0.31745793269230776 0.9482600732600732 0.30644030448717957 0.9253663003663004 0.2999298878205129 0.918040293040293 0.2849058493589744 0.9065934065934066 0.2773938301282052 0.9052197802197802
1 0.40935496794871795 0.6845238095238094 0.4198717948717949 0.6913919413919414 0.42988782051282054 0.7014652014652014 0.4389022435897436 0.7138278388278388 0.46068709935897434 0.75503663003663 0.4754607371794872 0.7838827838827839 0.4864783653846154 0.804945054945055 0.4974959935897436 0.8173076923076923 0.5127704326923077 0.8301282051282051 0.5355568910256411 0.8388278388278388 0.5433193108974359 0.831043956043956 0.551582532051282 0.8145604395604394 0.5525841346153846 0.7870879120879121 0.5543369391025641 0.7481684981684982 0.5528345352564102 0.7385531135531135 0.5480769230769231 0.7390109890109889 0.5403145032051282 0.75 0.5385616987179487 0.7733516483516483 0.5380608974358975 0.8163919413919415 0.5240384615384615 0.8108974358974358 0.5030048076923077 0.7944139194139194 0.4909855769230769 0.7742673992673992 0.45943509615384615 0.7124542124542124 0.43865184294871795 0.6662087912087912 0.4338942307692307 0.6488095238095237 0.4338942307692307 0.6355311355311355
1 0.5736177884615385 0.4194139194139194 0.5736177884615385 0.4299450549450549 0.5796274038461539 0.45375457875457875 0.5951522435897436 0.48580586080586075 0.6086738782051282 0.5178571428571429 0.6246995192307693 0.5526556776556777 0.6344651442307693 0.5746336996336996 0.6544971955128205 0.5883699633699634 0.6767828525641025 0.5966117216117216 0.6797876602564102 0.5892857142857143 0.6830428685897436 0.5242673992673992 0.6852964743589743 0.5164835164835165 0.692558092948718 0.51007326007326 0.6953125 0.5164835164835165 0.6943108974358975 0.5508241758241758 0.6923076923076923 0.5874542124542125 0.6878004807692307 0.603021978021978 0.6802884615384615 0.6167582417582418 0.6665164262820513 0.6167582417582418 0.6477363782051282 0.6076007326007326 0.6332131410256411 0.5970695970695971 0.6234475160256411 0.5869963369963369 0.6091746794871795 0.558150183150183 0.5853866185897436 0.5073260073260073 0.575370592948718 0.4848901098901099 0.5631009615384615 0.4697802197802197 0.5425681089743589 0.4688644688644688
1 0.7140925480769231 0.19688644688644688 0.7163461538461539 0.2161172161172161 0.7233573717948718 0.23763736263736263 0.7544070512820513 0.30815018315018317 0.7669270833333333 0.33699633699633696 0.7774439102564102 0.3585164835164835 0.7969751602564102 0.3626373626373626 0.8187600160256411 0.3699633699633699 0.8282752403846153 0.3663003663003663 0.8335336538461539 0.29258241758241754 0.8352864583333334 0.2724358974358974 0.8412960737179487 0.26877289377289376 0.8448016826923077 0.2747252747252747 0.8430488782051283 0.30357142857142855 0.8392928685897436 0.3498168498168498 0.8367888621794872 0.36675824175824173 0.8287760416666666 0.38598901098901095 0.8187600160256411 0.3873626373626373 0.7919671474358975 0.3804945054945054 0.7726862980769231 0.37179487179487175 0.7616686698717949 0.3576007326007326 0.7283653846153846 0.28434065934065933 0.7110877403846154 0.2532051282051282 0.6958133012820513 0.24725274725274723 0.6850460737179487 0.24496336996336998
1 0.8473056891025641 0.004578754578754578 0.8628305288461539 0.008241758241758242 0.8735977564102564 0.010989010989010988 0.8881209935897436 0.04624542124542124 0.9048978365384615 0.0989010989010989 0.9154146634615385 0.13873626373626374 0.9256810897435898 0.1565934065934066 0.9557291666666666 0.18727106227106227 0.9735076121794872 0.19688644688644688 0.9862780448717949 0.17399267399267399 0.99921875 0.13017229683896375 0.99921875 0.0956959706959707 0.9900340544871795 0.12637362637362637 0.9822716346153847 0.15842490842490842 0.9765124198717949 0.1762820512820513 0.9579827724358975 0.16437728937728938 0.9299379006410255 0.1369047619047619 0.9211738782051281 0.11263736263736263 0.9056490384615385 0.06043956043956044 0.8881209935897436 0.0086996336996337 0.8848657852564102 0.0009157509157509156
2 0.39257812500000006 0.9377289377289376 0.39833733974358976 0.9313186813186813 0.4015925480769231 0.9143772893772893 0.39583333333333337 0.9061355311355311 0.3903245192307693 0.9217032967032966
2 0.5398137019230769 0.771062271062271 0.5445713141025641 0.771062271062271 0.5540865384615385 0.7509157509157509 0.5530849358974359 0.7362637362637362 0.5483273237179487 0.738095238095238 0.5405649038461539 0.7513736263736264
2 0.6820412660256411 0.5361721611721612 0.6888020833333333 0.5361721611721612 0.6953125 0.5201465201465201 0.6958133012820513 0.5146520146520146 0.6913060897435898 0.5086996336996337 0.6840444711538461 0.5187728937728938 0.6820412660256411 0.5274725274725275
2 0.8345352564102564 0.29395604395604397 0.8397936698717949 0.29395604395604397 0.8445512820512822 0.2747252747252747 0.8425480769230769 0.26877289377289376 0.8355368589743589 0.2724358974358974
3 0.5328024839743589 0.814102564102564 0.5282952724358975 0.8264652014652014 0.5287960737179487 0.8365384615384616 0.5348056891025641 0.8374542124542125 0.5405649038461539 0.8315018315018314 0.5440705128205129 0.8269230769230769 0.5513321314102564 0.815934065934066 0.5400641025641025 0.8163919413919415 0.5358072916666667 0.815934065934066
3 0.6717748397435898 0.5956959706959707 0.668770032051282 0.6066849816849816 0.6690204326923077 0.6167582417582418 0.6742788461538461 0.6167582417582418 0.6800380608974359 0.6135531135531135 0.6840444711538461 0.6062271062271062 0.6888020833333333 0.5993589743589743 0.6825420673076923 0.5993589743589743 0.6782852564102564 0.5956959706959707
3 0.8192608173076923 0.36950549450549447 0.8167568108974359 0.3791208791208791 0.8185096153846153 0.3878205128205128 0.8257712339743589 0.3878205128205128 0.831280048076923 0.3836996336996337 0.8350360576923077 0.3740842490842491 0.8362880608974359 0.36675824175824173 0.8315304487179487 0.36767399267399264 0.8232672275641025 0.36950549450549447
3 0.9697516025641025 0.17445054945054944 0.9664963942307692 0.18269230769230768 0.9654947916666666 0.1932234432234432 0.9712540064102564 0.1932234432234432 0.977764423076923 0.18818681318681318 0.9820212339743589 0.1794871794871795 0.9867788461538461 0.17124542124542122 0.9802684294871795 0.16804029304029303 0.9765124198717949 0.17536630036630035
