0 0.000968992248062029 0.08527131782945736 0.26380813953488375 0.042081949058693245 0.4606346899224806 0.0011074197120708748 0.99921875 0.0011074197120708748 0.9990310077519379 0.11517165005537099 0.782218992248062 0.14285714285714285 0.3952277131782946 0.20598006644518274 0.12148740310077522 0.2425249169435216 0.0 0.2590210848327358
1 0.0003332345971563476 0.5727826675693974 0.01847600710900469 0.6079891672308734 0.032545912322274835 0.6343940419769805 0.0355079976303317 0.6377792823290453 0.0351377369668246 0.5958023019634394 0.03809982227488147 0.5829383886255924 0.07327458530805683 0.5382532159783345 0.080679798578199 0.5402843601895735 0.08179058056872032 0.5605958023019635 0.07882849526066346 0.6885578876100203 0.07142328199052128 0.7081922816519973 0.03698904028436014 0.7481381178063642 0.02736226303317531 0.7427217332430603 0.0003332345971563476 0.7020988490182803
1 0.0558723341232227 0.24915368991198375 0.06883145734597151 0.26743398781313477 0.07919875592417057 0.30873392010832773 0.11881664691943124 0.5010155721056195 0.14029176540284355 0.6100203114421124 0.15621297393364925 0.6547054840893703 0.19731190758293835 0.7359512525389303 0.21175207345971564 0.7630331753554503 0.2291543246445497 0.7786052809749492 0.2432242298578199 0.7691266079891672 0.2750666469194313 0.7244414353419093 0.28247186018957343 0.6696005416384564 0.29580124407582936 0.5829383886255924 0.29543098341232227 0.5646580907244415 0.2906175947867299 0.5599187542315505 0.25285100710900477 0.6052809749492215 0.2476673578199052 0.6255924170616114 0.24248370853080567 0.6872037914691944 0.23618927725118483 0.6797562626946513 0.2065684241706161 0.6194989844278944 0.18879591232227483 0.5727826675693974 0.17694757109004736 0.5165876777251185 0.1254813388625592 0.2396750169262018
1 0.3135737559241706 0.2125930941096818 0.3261626184834123 0.24035206499661477 0.3413433056872038 0.27488151658767773 0.35171060426540285 0.3175355450236967 0.3746667654028436 0.47461069735951256 0.3968824052132701 0.6134055517941774 0.4098415284360189 0.6587677725118484 0.4379813388625592 0.7203791469194313 0.47500740521327006 0.7860528097494922 0.4920393957345971 0.8036560595802302 0.5116632109004738 0.8023019634394042 0.5472082345971564 0.7257955314827353 0.5809019549763033 0.5883547731888965 0.579791172985782 0.5727826675693974 0.5757183056872037 0.5680433310765064 0.5449866706161137 0.6215301286391334 0.5364706753554502 0.6479350033852405 0.5183279028436019 0.7285037237643873 0.508701125592417 0.7217332430602573 0.48685574644549756 0.6844955991875423 0.4564943720379146 0.6181448882870685 0.44131368483412314 0.5781990521327015 0.42576273696682454 0.47799593771157756 0.39392031990521326 0.24779959377115776 0.38836640995260663 0.21868652674339878 0.3987337085308057 0.19972918077183482
1 0.6901288507109005 0.15368991198375084 0.7012366706161137 0.17874069058903183 0.712344490521327 0.1949898442789438 0.7186389218009478 0.2234258632362898 0.7271549170616114 0.3141503046716317 0.7490002962085308 0.5883547731888965 0.7552947274881516 0.6350710900473934 0.7645512440758294 0.6844955991875423 0.7889884478672985 0.7447528774542993 0.8326792061611374 0.8212593094109683 0.8563758886255926 0.8476641841570751 0.8726673578199053 0.8490182802979012 0.8974748222748816 0.8138117806364252 0.9574570497630333 0.6492890995260664 0.973748518957346 0.5964793500338524 0.9689351303317537 0.5870006770480705 0.9626406990521328 0.5958023019634394 0.9467194905213271 0.6384563303994584 0.9389440165876778 0.6567366283006094 0.8967343009478673 0.7650643195666893 0.88229413507109 0.7765741367637102 0.8697052725118484 0.7643872714962762 0.8437870260663507 0.7230873392010833 0.810093305687204 0.6519972918077184 0.7919505331753555 0.6005416384563305 0.7823237559241706 0.5470548408937035 0.7697348933649288 0.3256601218686527 0.7623296800947867 0.22477995937711576 0.7719564573459715 0.17941773865944483 0.7793616706161137 0.1381178063642519
2 0.03439721563981038 0.6147596479350034 0.044764514218009435 0.6303317535545024 0.08105005924170611 0.5761679079214624 0.08142031990521323 0.5402843601895735 0.0721638033175355 0.5348679756262695 0.0351377369668246 0.5849695328368314
2 0.246926836492891 0.6391333784698714 0.2595156990521327 0.6533513879485444 0.2950607227488152 0.6066350710900474 0.2965417654028436 0.5666892349356805 0.2887662914691943 0.5578876100203115 0.2517402251184834 0.6039268788083955
2 0.536100414691943 0.6526743398781314 0.5475784952606635 0.6621530128639134 0.5749777843601895 0.6140825998645905 0.5820127369668245 0.5876777251184835 0.5812722156398105 0.5693974272173324 0.5746075236966824 0.5653351387948545 0.542394845971564 0.6228842247799594
2 0.9337603672985783 0.6702775897088694 0.9452384478672986 0.6838185511171294 0.9589380924170617 0.6472579553148274 0.9748593009478673 0.5978334461746784 0.9685648696682465 0.5870006770480705 0.963381220379147 0.5964793500338524 0.9396845379146921 0.6513202437373053
3 0.0351377369668246 0.6682464454976303 0.018105746445497582 0.7020988490182803 0.012922097156398055 0.7244414353419093 0.022548874407582888 0.7427217332430603 0.0351377369668246 0.7461069735951252 0.04661581753554498 0.7359512525389303 0.08030953791469189 0.6905890318212593 0.04698607819905209 0.7109004739336493 0.03661877962085304 0.6858496953283684
3 0.23470823459715637 0.6824644549763034 0.2065684241706161 0.7197020988490183 0.20360633886255922 0.7515233581584292 0.21693572274881517 0.7684495599187543 0.22841380331753552 0.7799593771157752 0.24174318720379145 0.7738659444820583 0.25359152843601895 0.7555856465809073 0.2765476895734597 0.7217332430602573 0.24618631516587675 0.7406905890318214 0.23618927725118483 0.7197020988490183 0.24137292654028433 0.6885578876100203
3 0.508701125592417 0.7217332430602573 0.48204235781990523 0.7637102234258633 0.47426688388625593 0.7846987136086663 0.48500444312796204 0.7962085308056872 0.49463122037914686 0.8063642518618823 0.5049985189573459 0.8063642518618823 0.5142550355450236 0.7962085308056872 0.5483190165876777 0.7257955314827353 0.5272141587677724 0.7488151658767773 0.5142550355450236 0.7393364928909953 0.518698163507109 0.7264725795531484
3 0.8652621445497631 0.7603249830737983 0.8437870260663507 0.8016249153689913 0.8389736374407584 0.8253215978334462 0.8508219786729858 0.8388625592417063 0.858227191943128 0.8483412322274883 0.8734078791469194 0.8490182802979012 0.8859967417061612 0.8307379823967502 0.8974748222748816 0.8083953960731213 0.8908101303317537 0.7867298578199052 0.8797023104265402 0.7752200406228842
