0 0.308624031007752 0.39756367663344405 0.32558139534883723 0.5071982281284607 0.3146802325581396 0.5260243632336655 0.2874273255813954 0.5415282392026578 0.26320251937984496 0.540420819490587 0.2565406976744186 0.5271317829457365 0.20930232558139536 0.25359911406423036 0.2238372093023256 0.23034330011074197 0.24927325581395351 0.21926910299003322 0.2759205426356589 0.2104097452934662 0.28439922480620156 0.23255813953488372 0.29106104651162795 0.2702104097452935 0.3092296511627907 0.2978959025470653 0.47153585271317827 0.2779623477297896 0.658672480620155 0.25802879291251385 0.8869912790697674 0.2425249169435216 0.99921875 0.23831542091386926 0.99921875 0.34684065934065933 0.8831129807692308 0.34684065934065933 0.6720252403846153 0.3592032967032967 0.5 0.3688186813186813
1 0.4531814079422382 0.3769984528107272 0.4734882671480144 0.4110366168127901 0.47828294223826706 0.4332129963898917 0.4977436823104693 0.5853532748839608 0.5064869133574007 0.6467251160391955 0.5126917870036101 0.6745745229499742 0.5197427797833934 0.6833419288292935 0.5344088447653429 0.6756059824651882 0.5363831227436823 0.6554925219185147 0.5349729241877256 0.6204228984012378 0.5329986462093863 0.6101083032490975 0.5234092960288808 0.6106240330067044 0.5166403429602887 0.5703971119133574 0.5062048736462093 0.4847859721505931 0.4991538808664259 0.40536358947911294 0.4974616425992779 0.36823104693140796
1 0.6407378158844764 0.36255801959773076 0.6489169675090253 0.408457968024755 0.6511732851985559 0.4156781846312532 0.6666854693140793 0.5363589479112945 0.6731723826714802 0.5796802475502837 0.6940433212996389 0.6575554409489428 0.703350631768953 0.6797318205260443 0.7104016245487365 0.6869520371325426 0.7261958483754511 0.6771531717380093 0.7380415162454873 0.6374419804022692 0.7357851985559567 0.6245487364620939 0.7318366425992779 0.6245487364620939 0.7197089350180506 0.6348633316142341 0.7151962996389891 0.6503352243424445 0.701658393501805 0.6054667354306343 0.6912229241877256 0.5652398143372872 0.6807874548736461 0.49303764827230534 0.6731723826714802 0.4249613202681795 0.6740185018050541 0.3749355337802991 0.6748646209386281 0.3574007220216607
1 0.8604467509025271 0.34914904589994844 0.8683438628158845 0.3604951005673027 0.8728564981949459 0.37906137184115524 0.878779332129964 0.39659618359979376 0.8824458483754514 0.44662197008767407 0.8880866425992779 0.5451263537906138 0.890625 0.5714285714285714 0.8976759927797835 0.6137184115523466 0.9098037003610109 0.666838576585869 0.9177008122743683 0.6910778751933987 0.9295464801444044 0.7019082001031459 0.9475970216606499 0.6941722537390407 0.9650834837545126 0.6451779267663744 0.9639553249097472 0.6322846828261991 0.9574684115523466 0.632800412583806 0.9459047833935019 0.6389891696750902 0.9399819494584838 0.6498194945848376 0.9354693140794224 0.665807117070655 0.929264440433213 0.6451779267663744 0.9162906137184116 0.5884476534296029 0.9123420577617329 0.5636926250644662 0.9075473826714802 0.48014440433212996 0.9027527075812275 0.38989169675090257 0.9041629061371841 0.36204228984012377 0.9061371841155236 0.3476018566271274
2 0.5182961856617647 0.6383928571428571 0.5358168658088235 0.6276260504201681 0.5342371323529411 0.6147584033613445 0.52978515625 0.6089810924369747 0.5230353860294117 0.6108193277310924 0.5132697610294117 0.6192226890756303 0.5124080882352942 0.631827731092437
2 0.7143267463235293 0.6478466386554621 0.7194967830882353 0.6588760504201681 0.7385971966911764 0.6397058823529411 0.7374482996323529 0.6271008403361344 0.7312729779411764 0.623686974789916 0.7182042738970588 0.6347163865546218
2 0.9400850183823529 0.6544117647058824 0.9439625459558822 0.6641281512605042 0.9647863051470587 0.6509978991596639 0.966653262867647 0.6386554621848739 0.9614832261029411 0.6305147058823529 0.944536994485294 0.6402310924369747 0.939797794117647 0.6536239495798318
3 0.5096794577205882 0.6625525210084033 0.5126953125 0.67515756302521 0.519875919117647 0.6806722689075629 0.5350988051470588 0.6756827731092436 0.5352424172794117 0.6675420168067226 0.5201631433823529 0.6714810924369747 0.5141314338235293 0.6636029411764706 0.5134133731617647 0.6541491596638656
3 0.710161994485294 0.6607142857142856 0.6989602481617647 0.6704306722689075 0.7025505514705882 0.6798844537815125 0.7087258731617647 0.6864495798319328 0.7124597886029411 0.6859243697478992 0.7266773897058824 0.676470588235294 0.7276826746323529 0.6693802521008403 0.7130342371323529 0.6793592436974789 0.7091567095588235 0.6678046218487395
3 0.9321863511029411 0.6680672268907563 0.9183995863970587 0.6775210084033614 0.9165326286764705 0.684611344537815 0.9198357077205882 0.6935399159663865 0.9240004595588236 0.6998424369747899 0.9285960477941175 0.7014180672268907 0.9314682904411764 0.7011554621848739 0.9468347886029411 0.6927521008403361 0.9320427389705882 0.6945903361344538 0.9271599264705882 0.684611344537815
