0 0.000968992248062029 0.18383167220376526 0.45518410852713176 0.18161683277962348 0.8040213178294573 0.19490586932447398 0.9978197674418604 0.21483942414174972 0.9978197674418604 0.3178294573643411 0.6750242248062015 0.29346622369878184 0.3601017441860465 0.28792912513842744 4.4408920985006264e-17 0.29233361852168727
1 0.019782725321888413 0.29368485591661553 0.03386534334763948 0.322501532801962 0.04627145922746781 0.3623543838136113 0.0523068669527897 0.41630901287553645 0.060689377682403435 0.533415082771306 0.062030579399141625 0.5603923973022685 0.06974248927038626 0.5996321275291232 0.1026019313304721 0.703862660944206 0.11500804721030042 0.7222562844880441 0.14015557939914164 0.7081545064377682 0.17200912017167383 0.645003065603924 0.17200912017167383 0.6364193746167995 0.16798551502145923 0.627835683629675 0.15189109442060084 0.6364193746167995 0.125737660944206 0.6879215205395462 0.0985783261802575 0.6033108522378908 0.09120171673819742 0.5793991416309013 0.08717811158798283 0.5193133047210301 0.07678379828326179 0.36664622930717344 0.07778969957081545 0.328632740649908 0.07510729613733905 0.30042918454935624 0.08248390557939914 0.28632740649908034
1 0.31015289699570814 0.2893930104230533 0.31685890557939916 0.30717351318209685 0.32658261802575106 0.33353770692826484 0.33395922746781115 0.37339055793991416 0.33798283261802575 0.48313917841814835 0.3426770386266095 0.5591661557326792 0.34837714592274677 0.5867565910484366 0.36849517167381973 0.6376456161863887 0.3899543991416309 0.6879215205395462 0.4050429184549357 0.7026364193746167 0.43186695278969955 0.680564071122011 0.47076180257510725 0.607602697731453 0.4650616952789699 0.5977927651747394 0.45399678111587977 0.6069895769466584 0.41476663090128757 0.6744328632740649 0.4030311158798283 0.6566523605150214 0.3674892703862661 0.5744941753525444 0.36111856223175964 0.5444512568976089 0.3587714592274678 0.4555487431023912 0.3554184549356223 0.3439607602697731 0.3574302575107296 0.2998160637645616 0.3641362660944206 0.28448804414469653
1 0.6166174892703863 0.2918454935622317 0.6260059012875536 0.3133047210300429 0.6357296137339056 0.3396689147762109 0.6387473175965666 0.37461679950950333 0.6407591201716738 0.4071122011036174 0.6327119098712446 0.5058246474555487 0.6276824034334764 0.5616186388718577 0.6293589055793991 0.5867565910484366 0.6340531115879828 0.6180257510729613 0.6444474248927039 0.6664622930717351 0.652494635193133 0.7032495401594113 0.6615477467811159 0.7210300429184548 0.6752950643776824 0.7240956468424279 0.7259254291845493 0.6928264868179032 0.7390021459227467 0.680564071122011 0.7339726394849786 0.6701410177805027 0.6856893776824033 0.7026364193746167 0.676300965665236 0.6983445738810545 0.6679184549356223 0.6817903126916002 0.6581947424892703 0.6382587369711833 0.6474651287553648 0.5775597792765175 0.6467945278969957 0.5469037400367872 0.6571888412017167 0.4230533415082771 0.6602065450643777 0.3476394849785408 0.6665772532188841 0.32311465358675656 0.6682537553648069 0.30410790925812387 0.6742891630901287 0.29307173513182094
1 0.8751341201716738 0.31085223789086447 0.8851931330472104 0.3439607602697731 0.8925697424892703 0.37461679950950333 0.886869635193133 0.49540159411404044 0.8845225321888412 0.5561005518087063 0.886869635193133 0.5928877988963825 0.903969957081545 0.65113427345187 0.9224114806866952 0.6971183323114654 0.9331410944206008 0.7093807480073575 0.9458825107296137 0.7093807480073575 0.9616416309012875 0.6940527283874923 0.99921875 0.6587843930918107 0.99921875 0.6364193746167995 0.9556062231759656 0.6799509503372164 0.9462178111587983 0.6824034334763949 0.9368293991416309 0.6774984671980381 0.9328057939914164 0.6707541385652973 0.9056464592274678 0.5904353157572042 0.9022934549356222 0.5542611894543225 0.9026287553648068 0.5156345800122625 0.9116818669527896 0.3568362967504598 0.9197290772532188 0.33353770692826484 0.9274409871244634 0.3157572041692213 0.9291174892703863 0.31146535867565905
2 0.14417918454935622 0.6492949110974862 0.1528969957081545 0.6584917228694052 0.17167381974248927 0.6468424279583078 0.17167381974248927 0.6358062538320048 0.16697961373390557 0.6266094420600858 0.15054989270386265 0.6382587369711833
2 0.44561427038626605 0.6241569589209074 0.4533261802575107 0.630901287553648 0.46908530042918456 0.6082158185162477 0.4664028969957082 0.5971796443899449 0.45299087982832614 0.6063764561618639
2 0.7151958154506437 0.6842427958307786 0.7178782188841202 0.6995708154506437 0.7272666309012875 0.6909871244635193 0.7363197424892703 0.6774984671980381 0.7353138412017167 0.6719803801348866
2 0.9884656652360515 0.6492949110974862 0.9884656652360515 0.6664622930717351 0.998524678111588 0.6584917228694052 0.9991952789699571 0.6364193746167995
3 0.12171405579399142 0.6817903126916002 0.10696083690987124 0.6940527283874923 0.1046137339055794 0.7093807480073575 0.11500804721030042 0.7240956468424279 0.14082618025751073 0.7075413856529736 0.12540236051502146 0.6922133660331085
3 0.4070547210300429 0.6633966891477621 0.3949839055793991 0.6732066217044758 0.39230150214592274 0.6848559166155732 0.4006840128755365 0.6983445738810545 0.4067194206008583 0.6958920907418761 0.41778433476394844 0.6922133660331085 0.4271727467811159 0.683629675045984 0.4157725321888412 0.6738197424892703
3 0.6709361587982833 0.6891477621091354 0.659200643776824 0.6983445738810545 0.6578594420600858 0.7118332311465358 0.6618830472103003 0.7222562844880441 0.669594957081545 0.7216431637032495 0.6796539699570816 0.7216431637032495 0.6803245708154506 0.7050889025137952 0.672612660944206 0.6965052115266708
3 0.9371646995708154 0.6756591048436542 0.9281115879828326 0.6854690374003678 0.9244232832618027 0.7026364193746167 0.9321351931330473 0.7081545064377682 0.9415236051502145 0.7093807480073575 0.9489002145922747 0.7063151440833844 0.9458825107296137 0.6879215205395462 0.9408530042918455 0.6824034334763949
