0 0.0027858527131783078 0.33111849390919157 0.08515019379844962 0.26578073089700993 0.22625968992248063 0.15946843853820597 0.3697916666666667 0.05537098560354374 0.44428294573643407 0.00221483942414175 0.6501937984496124 0.00221483942414175 0.31407461240310075 0.23034330011074197 0.0 0.4602864865094216
1 0.03731035620052771 0.35318507350169615 0.039783970976253295 0.39276290991330565 0.035867414248021104 0.4293252921221259 0.02988951187335092 0.47380324161326803 0.024530013192612138 0.5156426686769695 0.022056398416886544 0.5480588013569544 0.024942282321899736 0.5695439125518281 0.03339379947229552 0.5718055032039201 0.042051451187335095 0.579721070486242 0.048647757255936674 0.5823595929136826 0.054007255936675456 0.5729362985299661 0.06204650395778364 0.5243120995099887 0.0754452506596306 0.45533358462118356 0.0752391160949868 0.42744063324538256 0.0713225593667546 0.4210327930644553 0.06493238786279684 0.41726347531096875 0.07152869393139841 0.39276290991330565 0.08162928759894458 0.3637391632114587 0.07297163588390501 0.33132303053147383
1 0.25766820580474936 0.20052770448548812 0.26570745382585753 0.22691292875989444 0.26694426121372034 0.24802110817941952 0.2644706464379947 0.2808141726347531 0.25849274406332456 0.3087071240105541 0.25354551451187335 0.3332076894082171 0.25272097625329815 0.35657745947983416 0.2720976253298153 0.3727855258198266 0.28075527704485487 0.366754617414248 0.28632091029023743 0.3505465510742556 0.3003380606860158 0.2906143987938183 0.3129122691292876 0.23407463249151902 0.31682882585751976 0.20957406709385604 0.315592018469657 0.19562759140595554 0.3092018469656992 0.19110441010177157 0.29848284960422167 0.18431963814549565 0.29332948548812665 0.19638145495665282 0.28817612137203164 0.2156049754994346 0.29044360158311344 0.18921975122502824 0.29023746701846964 0.18356577459479834
1 0.5075032981530343 0.042593290614398795 0.5145118733509235 0.05653976630229928 0.5167793535620053 0.07727101394647569 0.5147180079155673 0.11307953260459856 0.5147180079155673 0.14097248398039955 0.5149241424802111 0.1552958914436487 0.5258492744063324 0.1681115718055032 0.5322394459102903 0.1760271390878251 0.5380112137203167 0.17753486618921974 0.5487302110817942 0.16057293629852998 0.5709927440633245 0.12401055408970976 0.5815056068601583 0.10742555597436865 0.6019129287598944 0.03241613267998492 0.6101583113456465 0.0018846588767433095 0.5767645118733509 0.002261590652091971 0.5697559366754616 0.03505465510742556 0.5625412269129287 0.05616283452695062 0.5540897097625329 0.08217112702600829 0.546875 0.10064078401809273 0.5355375989445911 0.1187335092348285 0.5371866754617415 0.08857896720693555 0.5462565963060686 0.06219374293252921 0.5470811345646438 0.036939313984168866 0.5462565963060686 0.027139087825103658
2 0.042051451187335095 0.4410101771579344 0.07482684696569922 0.4609875612514135 0.07606365435356201 0.42367131549189596 0.053801121372031656 0.4112325669053901 0.044937335092348284 0.4191481341877121
2 0.29106200527704484 0.20806633999246138 0.3147674802110818 0.2235205427817565 0.31662269129287596 0.20655861289106672 0.31641655672823216 0.19562759140595554 0.3005441952506596 0.18431963814549565 0.29497856200527706 0.1907274783264229 0.29106200527704484 0.20128156803618547
3 0.02288093667546174 0.532981530343008 0.021850263852242743 0.550697323784395 0.025766820580474935 0.5676592536750847 0.03236312664907652 0.5718055032039201 0.041639182058047494 0.5778364116094986 0.04988456464379947 0.58311345646438 0.05503792875989446 0.5706747078778741 0.05627473614775726 0.555220505088579 0.03112631926121372 0.5386355069732378 0.032981530343007916 0.5243120995099887
3 0.26776879947229554 0.3094609875612514 0.28858839050131924 0.3203920090463626 0.29126813984168864 0.32906143987938186 0.2838472955145119 0.35959291368262347 0.27910620052770446 0.3697700716170373 0.2706546833773087 0.3727855258198266 0.25272097625329815 0.35544666415378817 0.25292711081794195 0.342254052016585 0.26055408970976257 0.3320768940821711
3 0.5493486147757256 0.09536373916321145 0.5528529023746702 0.11081794195250659 0.5672823218997362 0.12891066716924238 0.5734663588390501 0.12174896343761779 0.5780013192612137 0.11081794195250659 0.5821240105540897 0.09536373916321145 0.5625412269129287 0.06897851488880512 0.5623350923482849 0.05880135695439125 0.5565633245382585 0.07350169619298907 0.5518222295514512 0.08707124010554089
1 0.7960766423357664 0.0026068821689259644 0.804915602189781 0.02502606882168926 0.822308394160584 0.03858185610010427 0.8368499087591241 0.040667361835245046 0.859375 0.034410844629822725 0.8796190693430657 0.0
3 0.8277258211678831 0.0015641293013555788 0.828581204379562 0.020333680917622523 0.8397011861313868 0.042752867570385815 0.857379105839416 0.03284671532846715 0.8716354927007298 0.017205422314911362 0.8773380474452553 0.0010427528675703858
