0 0.000968992248062029 0.26356589147286824 0.20445736434108527 0.24473975636766337 0.44488856589147285 0.22259136212624586 0.6132509689922481 0.21262458471760798 0.7767684108527132 0.20708748615725361 0.9166666666666666 0.20487264673311184 0.998425387596899 0.20598006644518274 0.99921875 0.2582059800664533 0.9990310077519379 0.3255813953488372 0.747093023255814 0.3233665559246955 0.4763808139534884 0.3421926910299003 0.24866763565891475 0.3643410852713178 0.0 0.3841109345659396
1 0.030946011673151735 0.3796553640911618 0.030642023346303487 0.4046692607003891 0.027906128404669245 0.4357976653696498 0.026690175097276246 0.46581434130072263 0.025778210116731502 0.5675375208449138 0.026386186770427998 0.6097832128960534 0.02608219844357975 0.6453585325180656 0.03246595330739298 0.6803779877709839 0.0418895914396887 0.7153974430239022 0.05830496108949416 0.6564758198999444 0.06590466926070038 0.6370205669816565 0.08475194552529183 0.6409116175653141 0.0920476653696498 0.6498054474708171 0.0890077821011673 0.6681489716509172 0.08140807392996109 0.6931628682601445 0.06651264591439689 0.7392996108949417 0.061040856031128396 0.7593107281823236 0.051009241245136186 0.7670928293496388 0.02942607003891049 0.7609783212896054 0.023042315175097264 0.746525847693163 0.01179474708171205 0.7126181211784325 0.0002431906614785854 0.6575875486381324 0.0005471789883268344 0.38465814341300725
1 0.2531614785992218 0.35630906058921624 0.264409046692607 0.3729849916620345 0.26836089494163423 0.4018899388549194 0.271704766536965 0.44413563090605895 0.27383268482490275 0.5258476931628683 0.27444066147859925 0.584769316286826 0.27900048638132297 0.6281267370761534 0.29389591439688717 0.6675931072818232 0.3115272373540856 0.7059477487493052 0.32399075875486383 0.7281823235130629 0.33341439688715957 0.7354085603112841 0.34739785992217903 0.7342968315730962 0.35834143968871596 0.7209560867148417 0.3787086575875486 0.6737076153418566 0.39907587548638135 0.623123957754308 0.39907587548638135 0.6108949416342413 0.3942120622568094 0.6053362979433019 0.38053258754863817 0.6003335186214565 0.37506079766536965 0.6092273485269595 0.3610773346303502 0.6470261256253474 0.346181906614786 0.6842690383546415 0.33675826848249024 0.7059477487493052 0.31943093385214005 0.6714841578654809 0.30483949416342415 0.6353529738743747 0.29936770428015563 0.6153418565869928 0.2990637159533074 0.5608671484157866 0.29754377431906615 0.45136186770428016 0.2984557392996109 0.41022790439132856 0.2990637159533074 0.38743746525847694 0.2990637159533074 0.3557531962201223 0.3011916342412452 0.34185658699277377
1 0.5592777237354085 0.3235130628126737 0.5693093385214008 0.3446359088382435 0.5796449416342412 0.3618677042801557 0.5832928015564203 0.40633685380767093 0.5820768482490272 0.4652584769316287 0.578125 0.5397443023902168 0.575693093385214 0.5875486381322957 0.5796449416342412 0.6342412451361868 0.5893725680933852 0.679266259032796 0.6027480544747081 0.7270705947748749 0.6094357976653696 0.7498610339077265 0.6374027237354085 0.7487493051695386 0.6589858949416343 0.7204002223457476 0.6848249027237354 0.6870483602001113 0.6921206225680934 0.6720400222345748 0.6860408560311284 0.6620344635908839 0.6735773346303502 0.660366870483602 0.6662816147859922 0.6670372429127294 0.6434824902723736 0.7009449694274598 0.6246352140077821 0.7298499166203447 0.6185554474708171 0.7142857142857144 0.6112597276264592 0.6770428015564203 0.6006201361867703 0.6297943301834353 0.5969722762645915 0.5969983324068927 0.6030520428015564 0.49193996664813794 0.6054839494163424 0.4202334630350195 0.6060919260700388 0.3529738743746526 0.6121716926070039 0.31517509727626464
1 0.8280034046692608 0.3201778765981101 0.8410749027237354 0.34741523068371316 0.8511065175097275 0.36631461923290726 0.8529304474708171 0.3902167871039467 0.8553623540856032 0.5530850472484714 0.856578307392996 0.5719844357976653 0.8629620622568094 0.604780433574208 0.8796814202334631 0.651473040578099 0.8939688715953308 0.6809338521400778 0.9097762645914397 0.7042801556420234 0.9301434824902725 0.7092829349638688 0.9459508754863813 0.6964980544747083 0.9924610894941635 0.6125625347415231 0.9930690661478601 0.6003335186214565 0.9885092412451362 0.595330739299611 0.9766536964980546 0.5908838243468595 0.9684460116731518 0.6031128404669261 0.9322714007782101 0.6720400222345748 0.9228477626459144 0.6831573096164536 0.9149440661478598 0.6748193440800445 0.8848492217898833 0.6164535853251807 0.8775535019455253 0.5819899944413564 0.8766415369649806 0.5336297943301835 0.8742096303501945 0.35908838243468594 0.8742096303501945 0.34185658699277377 0.8818093385214008 0.3129516397998888
2 0.05617704280155641 0.6592551417454142 0.06438472762645914 0.6709282934963869 0.08809581712062256 0.6737076153418566 0.09113570038910505 0.6464702612562535 0.08444795719844359 0.6397998888271262 0.06651264591439689 0.6364647026125626
2 0.3708049610894942 0.6242356864924958 0.3777966926070039 0.6303501945525293 0.39725194552529186 0.6303501945525293 0.4008998054474707 0.6114508060033352 0.38478842412451364 0.5992217898832685 0.37202091439688717 0.6108949416342413
2 0.6617217898832685 0.6775986659255142 0.6644576848249028 0.688715953307393 0.6839129377431907 0.6876042245692051 0.6918166342412452 0.6731517509727627 0.6875607976653696 0.6609227348526959 0.6738813229571984 0.6620344635908839
2 0.9647981517509727 0.6114508060033352 0.9727018482490273 0.6192329071706504 0.9903331712062258 0.6197887715397443 0.9945890077821012 0.6053362979433019 0.9930690661478601 0.6008893829905503 0.9894212062256809 0.5936631461923291 0.9766536964980546 0.5908838243468595
3 0.020610408560311273 0.7381878821567537 0.028210116731517493 0.7565314063368539 0.03763375486381322 0.763201778765981 0.04918531128404668 0.764313507504169 0.06073686770428015 0.7565314063368539 0.038545719844357965 0.7498610339077265 0.03550583657587547 0.7320733740967205 0.0418895914396887 0.7142857142857144
3 0.3321984435797666 0.699277376320178 0.32186284046692604 0.7042801556420234 0.3188229571984436 0.7176209005002779 0.3288545719844358 0.7270705947748749 0.3385821984435798 0.7326292384658145 0.34922178988326846 0.7342968315730962 0.354693579766537 0.7242912729294052 0.3385821984435798 0.7204002223457476 0.33584630350194555 0.7070594774874931
3 0.6206833657587548 0.717065036131184 0.6085238326848249 0.7226236798221234 0.6057879377431907 0.7337409672040022 0.6103477626459144 0.7420789327404115 0.6188594357976653 0.7476375764313509 0.6316269455252919 0.745414118954975 0.6407465953307393 0.7437465258476932 0.6288910505836576 0.736520289049472 0.6237232490272373 0.7270705947748749
3 0.9149440661478598 0.6770428015564203 0.9061284046692608 0.6781545302946081 0.9015685797665369 0.688715953307393 0.9097762645914397 0.7009449694274598 0.9201118677042801 0.7048360200111173 0.9328793774319066 0.7037242912729295 0.9429109922178988 0.6981656475819901 0.9271035992217899 0.6981656475819901 0.9228477626459144 0.6842690383546415
