0 0.0027858527131783078 0.8527131782945735 0.11603682170542637 0.7652270210409745 0.437015503875969 0.5326688815060908 0.7095445736434108 0.3421926910299003 0.9227228682170543 0.20376522702104097 0.99921875 0.15388618472447568 0.9978197674418604 0.2691029900332226 0.595687984496124 0.5149501661129569 0.29530038759689925 0.7187153931339978 0.08212209302325582 0.8693244739756366 0.000968992248062029 0.9280177187153931
1 0.04928916309012875 0.8871857755977928 0.06169527896995708 0.9049662783568363 0.06840128755364808 0.9276517473942366 0.07675995148549652 0.9985714285714286 0.09388412017167382 0.9981606376456162 0.08617221030042918 0.9135499693439608 0.08348980686695279 0.885346413243409 0.08550160944206008 0.8736971183323113 0.08047210300429183 0.8602084610668302
1 0.14350858369098712 0.815450643776824 0.14753218884120173 0.8344573881054568 0.15356759656652358 0.8559166155732678 0.16060890557939914 0.8804414469650521 0.17267972103004292 0.9491109748620479 0.17972103004291845 0.9846719803801349 0.1767033261802575 0.9908031882280809 0.17703862660944206 0.9981606376456162 0.19916845493562232 0.9975475168608215 0.19112124463519314 0.9564684242795831 0.17703862660944206 0.8828939301042306 0.17200912017167383 0.8467198038013488 0.173350321888412 0.8252605763335377 0.17100321888412015 0.8025751072961372
1 0.2586137820512821 0.7335164835164835 0.2703826121794872 0.7536630036630036 0.2793970352564103 0.771062271062271 0.2856570512820513 0.8145604395604394 0.292167467948718 0.8663003663003662 0.2976762820512821 0.9088827838827839 0.2931690705128206 0.9175824175824175 0.2944210737179488 0.9304029304029304 0.30068108974358976 0.9647435897435898 0.3044370993589744 0.9848901098901098 0.3094451121794872 0.9894688644688644 0.3164563301282052 0.9885531135531135 0.32446915064102566 0.9812271062271062 0.3252203525641026 0.9711538461538461 0.31870993589743596 0.9125457875457875 0.30769230769230776 0.8269230769230769 0.30043068910256415 0.7747252747252746 0.2986778846153847 0.7454212454212454 0.29517227564102566 0.7193223443223443 0.2944210737179488 0.7078754578754578
1 0.3855669070512821 0.6515567765567766 0.3908253205128206 0.6657509157509157 0.3945813301282052 0.6872710622710623 0.40134214743589747 0.7138278388278388 0.41912059294871795 0.8328754578754578 0.42462940705128205 0.8649267399267399 0.4336438301282051 0.9047619047619047 0.4401542467948718 0.9308608058608059 0.4451622596153846 0.9368131868131867 0.46143830128205127 0.929945054945055 0.4621895032051282 0.9184981684981685 0.45918469551282054 0.869047619047619 0.45818309294871795 0.8594322344322344 0.45517828525641024 0.8562271062271062 0.44816706730769235 0.8557692307692307 0.4451622596153846 0.8589743589743589 0.43314302884615385 0.7847985347985348 0.42037259615384615 0.6955128205128205 0.41887019230769235 0.6790293040293041 0.41887019230769235 0.6529304029304029 0.41912059294871795 0.6282051282051282
1 0.5598457532051282 0.5412087912087912 0.565604967948718 0.5526556776556777 0.5713641826923077 0.5663919413919414 0.5821314102564102 0.5833333333333333 0.5858874198717949 0.5984432234432234 0.5923978365384615 0.6488095238095237 0.6034154647435898 0.7289377289377289 0.6111778846153846 0.7655677655677656 0.6191907051282051 0.7985347985347986 0.6299579326923077 0.8269230769230769 0.6359675480769231 0.8406593406593407 0.6424779647435898 0.8434065934065934 0.6542467948717949 0.8383699633699634 0.6570012019230769 0.8278388278388278 0.6602564102564102 0.7591575091575091 0.6570012019230769 0.7477106227106227 0.6527443910256411 0.74496336996337 0.6482371794871795 0.7477106227106227 0.6419771634615384 0.7527472527472527 0.6407251602564102 0.7774725274725274 0.6404747596153846 0.809065934065934 0.6362179487179487 0.799908424908425 0.6249499198717949 0.7609890109890108 0.6184395032051282 0.7243589743589743 0.6054186698717949 0.6341575091575091 0.6011618589743589 0.5943223443223443 0.5996594551282051 0.5567765567765568 0.5999098557692307 0.5407509157509157 0.5959034455128205 0.5206043956043955 0.6001602564102564 0.5096153846153846
1 0.7381310096153846 0.42399267399267393 0.7436398237179487 0.43635531135531136 0.7496494391025641 0.46108058608058605 0.7581630608974359 0.48763736263736257 0.7791967147435896 0.6135531135531135 0.7869591346153846 0.6524725274725275 0.7947215544871795 0.6808608058608059 0.8127504006410255 0.7248168498168498 0.8220152243589742 0.7426739926739926 0.8295272435897436 0.7481684981684982 0.8430488782051283 0.7403846153846153 0.8463040865384615 0.7257326007326007 0.8483072916666666 0.6717032967032966 0.8490584935897436 0.6478937728937728 0.8455528846153847 0.6414835164835165 0.8405448717948717 0.6382783882783882 0.8350360576923077 0.6428571428571429 0.8325320512820513 0.6492673992673992 0.8300280448717949 0.663003663003663 0.8292768429487178 0.6891025641025641 0.8275240384615385 0.7142857142857143 0.8165064102564102 0.6891025641025641 0.8049879807692308 0.6639194139194139 0.7984775641025641 0.6373626373626373 0.7892127403846154 0.575091575091575 0.776191907051282 0.4913003663003663 0.7739383012820513 0.4592490842490842 0.7769431089743589 0.42857142857142855 0.7749399038461539 0.407051282051282 0.7751903044871795 0.3946886446886447
2 0.17998798076923078 0.9835164835164835 0.18900240384615388 0.9798534798534799 0.1965144230769231 0.9867216117216117 0.19901842948717952 0.9981684981684982 0.17673277243589747 0.9981684981684982 0.17673277243589747 0.9894688644688644
2 0.295673076923077 0.9304029304029304 0.31370192307692313 0.9221611721611721 0.31470352564102566 0.913003663003663 0.3106971153846154 0.9038461538461537 0.2974258814102565 0.9084249084249084 0.2931690705128206 0.9175824175824175
2 0.4439102564102564 0.8598901098901098 0.4353966346153846 0.869047619047619 0.4366486378205129 0.8832417582417582 0.44140625 0.8846153846153846 0.4596854967948718 0.8713369963369964 0.4586838942307693 0.8598901098901098 0.45142227564102566 0.8553113553113554
2 0.6427283653846154 0.7664835164835165 0.6474859775641025 0.7728937728937728 0.6605068108974359 0.7609890109890108 0.6580028044871795 0.7472527472527473 0.6512419871794871 0.7445054945054945 0.6429787660256411 0.7504578754578755
2 0.8302784455128205 0.6593406593406593 0.8365384615384615 0.6652930402930403 0.8483072916666666 0.6538461538461539 0.8485576923076923 0.6478937728937728 0.8460536858974359 0.6405677655677655 0.8402944711538461 0.6378205128205128 0.8337840544871795 0.6437728937728938 0.831280048076923 0.6488095238095237
3 0.3031850961538462 0.9780219780219781 0.3247195512820513 0.967948717948718 0.3252203525641026 0.983058608058608 0.30919471153846156 0.9903846153846153
3 0.4366486378205129 0.9139194139194139 0.43840144230769235 0.9244505494505495 0.44140625 0.9336080586080585 0.44541266025641024 0.9354395604395603 0.46269030448717946 0.9276556776556777 0.46143830128205127 0.9175824175824175 0.4459134615384615 0.923992673992674 0.43990384615384615 0.9134615384615384
3 0.639473157051282 0.8113553113553112 0.6299579326923077 0.825091575091575 0.6332131410256411 0.8337912087912088 0.6377203525641025 0.8424908424908425 0.6442307692307693 0.8424908424908425 0.649238782051282 0.8415750915750916 0.6554987980769231 0.8374542124542125 0.6565004006410257 0.8292124542124542 0.6429787660256411 0.8319597069597069
3 0.8260216346153847 0.7129120879120879 0.8177584134615385 0.7234432234432234 0.8185096153846153 0.7353479853479853 0.8230168269230769 0.7435897435897435 0.8295272435897436 0.7467948717948718 0.8382912660256411 0.7435897435897435 0.8438000801282051 0.7390109890109889 0.8458032852564102 0.7321428571428571 0.8335336538461539 0.7339743589743589 0.8275240384615385 0.7243589743589743
