0 0.0021802325581395483 0.3599114064230343 0.6162790697674418 0.09302325581395349 0.8712380300957593 0.0 0.99921875 0.0022076311486728035 0.998425387596899 0.06755260243632337 0.6174903100775194 0.19379844961240308 0.27834302325581395 0.3233665559246955 0.0 0.4415006137651549
1 0.03013392857142857 0.42775510204081635 0.018526785714285714 0.4604081632653061 0.0 0.6028571428571429 0.0004464285714285714 0.43224489795918364
1 0.13214285714285715 0.38653061224489793 0.14017857142857143 0.4102040816326531 0.12522321428571428 0.5436734693877551 0.12433035714285715 0.5726530612244898 0.13727678571428573 0.5828571428571429 0.14084821428571428 0.5693877551020408 0.15178571428571427 0.4983673469387755 0.15178571428571427 0.49306122448979595 0.14375 0.4848979591836735 0.1515625 0.42693877551020404 0.15848214285714285 0.3995918367346939 0.16138392857142858 0.38816326530612244 0.16026785714285713 0.37306122448979595
1 0.2571428571428572 0.33346938775510204 0.2584821428571428 0.34816326530612246 0.2578125 0.38408163265306117 0.25357142857142856 0.46163265306122453 0.25357142857142856 0.4848979591836735 0.2544642857142857 0.5163265306122449 0.2604910714285714 0.5244897959183674 0.26919642857142856 0.5244897959183674 0.27299107142857143 0.5085714285714286 0.2785714285714286 0.4302040816326531 0.275 0.42 0.2683035714285714 0.4183673469387755 0.27321428571428574 0.3710204081632653 0.2747767857142857 0.3510204081632653 0.28102678571428574 0.3240816326530612
1 0.4185267857142857 0.27061224489795915 0.42232142857142857 0.2853061224489796 0.4216517857142857 0.3081632653061225 0.4174107142857143 0.4097959183673469 0.42008928571428567 0.4408163265306122 0.4234375 0.4555102040816326 0.43147321428571433 0.46163265306122453 0.4397321428571429 0.46285714285714286 0.44486607142857143 0.45714285714285713 0.4504464285714286 0.4265306122448979 0.4524553571428571 0.40163265306122453 0.45714285714285713 0.3616326530612245 0.4555803571428571 0.34979591836734697 0.4482142857142857 0.34653061224489795 0.44107142857142856 0.34653061224489795 0.43549107142857146 0.37714285714285717 0.4350446428571429 0.3902040816326531 0.4401785714285714 0.2795918367346939 0.44441964285714286 0.2587755102040816
1 0.5895089285714286 0.2004081632653061 0.5953125 0.20489795918367346 0.5962053571428572 0.2289795918367347 0.5899553571428571 0.33183673469387753 0.5879464285714285 0.35836734693877553 0.5904017857142857 0.38285714285714284 0.5962053571428572 0.42 0.6033482142857143 0.4289795918367347 0.6136160714285714 0.4342857142857143 0.6180803571428571 0.42979591836734693 0.6328125 0.3816326530612245 0.6415178571428571 0.34 0.6392857142857143 0.3293877551020408 0.6279017857142857 0.32326530612244897 0.6229910714285715 0.32979591836734695 0.6084821428571429 0.3889795918367347 0.6046875 0.36367346938775513 0.6084821428571429 0.2979591836734694 0.6136160714285714 0.21836734693877552 0.61875 0.1926530612244898
1 0.7794642857142857 0.13183673469387755 0.7863839285714286 0.13795918367346938 0.7895089285714285 0.1579591836734694 0.7919642857142857 0.2730612244897959 0.7919642857142857 0.2979591836734694 0.7975446428571429 0.31387755102040815 0.8035714285714286 0.33183673469387753 0.8145089285714286 0.35183673469387755 0.8236607142857142 0.3587755102040816 0.8330357142857142 0.36367346938775513 0.8397321428571429 0.36367346938775513 0.8479910714285713 0.35551020408163264 0.8589285714285714 0.3146938775510204 0.8758928571428571 0.2579591836734694 0.8723214285714287 0.25142857142857145 0.8580357142857142 0.2436734693877551 0.8542410714285713 0.2510204081632653 0.8421875 0.28897959183673466 0.8265625 0.3395918367346939 0.8185267857142857 0.32163265306122446 0.8113839285714286 0.30122448979591837 0.8095982142857142 0.2587755102040816 0.8078125 0.1469387755102041 0.809375 0.10979591836734695
2 0.1402877697841727 0.4888660500171292 0.13410521582733817 0.49811579307982184 0.15471372901678662 0.5059952038369304 0.15059202637889693 0.4895512161699212
2 0.26206534772182255 0.43336759164097294 0.2794889088729017 0.44021925316889343 0.2793015587529976 0.4251455978074683 0.27049610311750605 0.42034943473792397 0.26487559952038375 0.42000685166152796
2 0.43686300959232616 0.36313806097978757 0.4580335731414868 0.3696471394313121 0.4582209232613909 0.35868448098663924 0.45334982014388486 0.3487495717711545 0.44323291366906475 0.3439534087016101 0.43911121103117506 0.35731414868105515
2 0.6275854316546763 0.3230558410414525 0.6229016786570744 0.3302500856457691 0.6208408273381295 0.34018499486125386 0.634330035971223 0.3439534087016101 0.6403252398081535 0.3490921548475505 0.6408872901678657 0.3336759164097294 0.6326438848920863 0.3275094210346009
2 0.8529676258992807 0.2562521411442275 0.8591501798561151 0.26104830421377184 0.8732014388489209 0.2655018842069202 0.8743255395683454 0.25590955806783144 0.8707658872901678 0.24665981500513876 0.8589628297362111 0.24494689962315863
3 0.1251124100719425 0.5721137375813634 0.13841426858513192 0.5817060637204522 0.14141187050359716 0.5693730729701953 0.12436300959232618 0.5546420006851662
3 0.2541966426858514 0.5173004453579994 0.26937200239808157 0.5244946899623159 0.272931654676259 0.5083932853717027 0.2528851918465228 0.4940047961630695
3 0.42730815347721823 0.4412470023980815 0.42543465227817745 0.44741349777321 0.4201888489208633 0.44535799931483383 0.4258093525179856 0.45632065775950664 0.43798711031175064 0.46214457005823917 0.4449190647482014 0.45837615621788286 0.4449190647482014 0.4518670777663583 0.42955635491606714 0.447070914696814
3 0.6043540167865707 0.4087016101404591 0.60248051558753 0.41521068859198357 0.5981714628297362 0.4189791024323399 0.6022931654676259 0.42822884549503254 0.6142835731414868 0.4343953408701611 0.619716726618705 0.42857142857142855 0.6064148681055156 0.4172661870503597
3 0.8263639088729017 0.3384720794792737 0.8211181055155876 0.3436108256252141 0.8160596522781776 0.3511476533059267 0.8248651079136691 0.3590270640630353 0.8407898681055157 0.36793422404933196 0.844162170263789 0.35765673175745116 0.829361510791367 0.3497773210003426
