0 0.003391472868217068 0.20708748615725361 0.33648255813953487 0.20598006644518274 0.6968265503875969 0.21926910299003322 0.9990310077519379 0.24031007751937986 0.998425387596899 0.32447397563676633 0.6701792635658915 0.2967884828349945 0.3401162790697675 0.283499446290144 0.08817829457364343 0.2779623477297896 0.0 0.2801711191007145
1 0.04981435643564357 0.27355021216407355 0.06048886138613861 0.3041018387553041 0.05956064356435644 0.420933521923621 0.053527227722772276 0.42008486562942005 0.053527227722772276 0.44582743988684587 0.05615717821782178 0.48995756718529 0.06265470297029703 0.4978783592644979 0.07054455445544555 0.4958981612446959 0.0765779702970297 0.4690240452616691 0.08044554455445545 0.3026874115983027 0.08446782178217822 0.287977369165488 0.08323019801980198 0.272984441301273
1 0.16659007352941174 0.2734593837535014 0.17616421568627452 0.4369747899159664 0.18152573529411764 0.517156862745098 0.19895067401960784 0.5199579831932772 0.20316329656862747 0.4600840336134454 0.19244025735294118 0.45133053221288516 0.1893765318627451 0.321078431372549 0.19435508578431374 0.2972689075630252 0.19473805147058823 0.2762605042016807
1 0.30369178921568624 0.2773109243697479 0.31441482843137253 0.31512605042016806 0.3167126225490196 0.3354341736694678 0.3128829656862745 0.4387254901960784 0.31556372549019607 0.5280112044817927 0.32073376225490197 0.5311624649859944 0.3337545955882353 0.5353641456582633 0.33547794117647056 0.5192577030812325 0.3414139093137255 0.469187675070028 0.3375842524509804 0.4576330532212885 0.3304993872549019 0.45518207282913165 0.33298866421568624 0.35329131652661067 0.33547794117647056 0.322829131652661 0.3394990808823529 0.29831932773109243 0.33854166666666663 0.27906162464985995
1 0.441750919117647 0.2822128851540616 0.44806985294117646 0.29341736694677867 0.44845281862745096 0.3315826330532213 0.44634650735294124 0.4618347338935574 0.44653799019607837 0.47549019607843135 0.4486443014705882 0.5178571428571429 0.45687806372549017 0.5647759103641457 0.4756433823529411 0.5623249299719888 0.48943014705882354 0.5091036414565826 0.4867493872549019 0.5 0.47411151960784315 0.4982492997198879 0.46798406862745096 0.511204481792717 0.46492034313725494 0.48284313725490197 0.46472886029411764 0.4415266106442577 0.4681755514705882 0.3319327731092437 0.47315410539215685 0.29971988795518206 0.47219669117647056 0.2895658263305322 0.4760263480392156 0.2822128851540616
1 0.6215533088235294 0.29096638655462187 0.6364889705882353 0.3434873949579832 0.6353400735294118 0.3960084033613445 0.6336167279411764 0.436624649859944 0.6336167279411764 0.4891456582633053 0.6351485906862745 0.5241596638655461 0.6401271446078431 0.5528711484593838 0.6454886642156863 0.5745798319327731 0.6521905637254901 0.5899859943977591 0.6644454656862745 0.5934873949579832 0.6698069852941176 0.5819327731092437 0.6786151960784313 0.5574229691876751 0.6855085784313725 0.538515406162465 0.6866574754901961 0.5227591036414566 0.6826363357843137 0.5182072829131653 0.6759344362745098 0.5164565826330532 0.6703814338235294 0.5294117647058824 0.6667432598039216 0.5430672268907563 0.6631050857843137 0.5553221288515405 0.6585094975490196 0.5686274509803921 0.6567861519607843 0.5724789915966386 0.6506587009803921 0.5528711484593838 0.6456801470588236 0.5185574229691877 0.6447227328431373 0.48494397759103636 0.646829044117647 0.42401960784313725 0.6506587009803921 0.35714285714285715 0.6556372549019608 0.32703081232493 0.6577435661764706 0.31092436974789917 0.6554457720588236 0.30287114845938373 0.6585094975490196 0.2920168067226891
1 0.7961856617647058 0.30357142857142855 0.8009727328431373 0.31862745098039214 0.8038449754901962 0.344187675070028 0.8049938725490196 0.36624649859943975 0.8051853553921567 0.38690476190476186 0.8044194240196079 0.4695378151260504 0.8036534926470589 0.5196078431372548 0.8063342524509803 0.540266106442577 0.8176317401960784 0.5903361344537815 0.8289292279411764 0.6134453781512604 0.8419500612745099 0.6109943977591036 0.8475030637254901 0.5990896358543417 0.8637791053921567 0.5451680672268908 0.8610983455882353 0.5364145658263305 0.8543964460784312 0.5346638655462185 0.8494178921568627 0.5430672268907563 0.8425245098039216 0.5595238095238095 0.8333333333333334 0.5910364145658262 0.8289292279411764 0.5784313725490196 0.8214613970588236 0.551470588235294 0.8160998774509803 0.5266106442577031 0.815142463235294 0.5122549019607843 0.8172487745098038 0.45308123249299714 0.8183976715686274 0.39110644257703076 0.8193550857843137 0.36764705882352944 0.8241421568627452 0.3445378151260504 0.829312193627451 0.33578431372549017 0.8327588848039216 0.31407563025210083 0.8352481617647058 0.30602240896358546
2 0.05399816176470588 0.438375350140056 0.06759344362745098 0.4387254901960784 0.07199754901960784 0.4355742296918767 0.06989123774509803 0.42331932773109243 0.05418964460784313 0.42296918767507
2 0.18918504901960784 0.45658263305322133 0.1838235294117647 0.46358543417366943 0.1834405637254902 0.469187675070028 0.1935891544117647 0.4688375350140056 0.20163143382352938 0.4688375350140056 0.20143995098039214 0.46148459383753504 0.19588694852941174 0.45518207282913165
2 0.3306908700980392 0.4579831932773109 0.32418045343137253 0.4579831932773109 0.3195848651960784 0.4695378151260504 0.31920189950980393 0.47514005602240894 0.33279718137254904 0.4733893557422969 0.33988204656862747 0.4737394957983193 0.33988204656862747 0.46568627450980393 0.33700980392156865 0.4586834733893557
2 0.468402004454343 0.5100222717149221 0.47066397550111355 0.5186127903277123 0.48632377505567925 0.5189309576837415 0.48823775055679286 0.5103404390709513 0.48632377505567925 0.49952274896595605 0.47379593541202675 0.4979319121858097
2 0.6700654231625836 0.5278396436525612 0.6745893652561247 0.535793827553293 0.6846812360801782 0.53706649697741 0.6872912026726057 0.5262488068724148 0.6831152561247216 0.5198854597518294 0.6759813474387528 0.5186127903277123 0.671979398663697 0.5278396436525612
2 0.8480651447661469 0.5459751829462297 0.8524150890868597 0.5539293668469615 0.8616369710467705 0.5526566974228444 0.8635509465478842 0.5431116767419663 0.8597229955456569 0.53706649697741 0.8532850779510023 0.535793827553293 0.8487611358574609 0.5415208399618199
