0 0.0003633720930232693 0.22369878183831673 0.4182412790697675 0.23366555924695462 0.6786579457364341 0.24806201550387597 0.9051598837209301 0.2691029900332226 0.9990310077519379 0.283499446290144 0.998425387596899 0.3997785160575858 0.7422480620155039 0.3643410852713178 0.4897044573643411 0.3477297895902547 0.26320251937984496 0.33665559246954596 0.0003633720930232693 0.33111849390919157 -4.336808689942018e-20 0.31550387596899165
1 0.0540515988372093 0.33264119601328906 0.05382449127906976 0.3546511627906977 0.037018531976744186 0.4771594684385382 0.03247638081395349 0.5049833887043189 0.037018531976744186 0.561046511627907 0.059047965116279064 0.5805647840531561 0.06881359011627906 0.5735049833887044 0.09879178779069767 0.4792358803986711 0.0983375726744186 0.4717607973421927 0.07994186046511628 0.4555647840531562 0.07449127906976745 0.45473421926910296 0.05995639534883721 0.5004152823920266 0.06926780523255814 0.4377076411960133 0.08153161337209303 0.36129568106312293 0.08811773255813954 0.33098006644518274
1 0.2711664244186046 0.3380398671096346 0.2713935319767442 0.3646179401993356 0.25481468023255816 0.49294019933554817 0.25367914244186046 0.5161960132890365 0.25799418604651164 0.5440199335548173 0.2643531976744186 0.5726744186046512 0.28570130813953487 0.5921926910299004 0.29433139534883723 0.5838870431893688 0.3190861191860465 0.5245016611295681 0.33112281976744184 0.4954318936877076 0.33203125 0.48172757475083056 0.3249909156976744 0.47134551495016613 0.3131813226744186 0.4626245847176079 0.30682231104651164 0.4688538205980067 0.27866097383720934 0.5444352159468439 0.2750272529069767 0.5211794019933554 0.2784338662790698 0.4925249169435216 0.29751090116279066 0.3683554817275747 0.30364280523255816 0.3388704318936877
1 0.4978197674418605 0.34759136212624586 0.5000908430232558 0.3646179401993356 0.4985010901162791 0.3965946843853821 0.4905523255813954 0.5008305647840531 0.4905523255813954 0.5282392026578073 0.5005450581395349 0.5568936877076411 0.5207576308139534 0.5975913621262459 0.5373364825581396 0.6133720930232559 0.5459665697674418 0.6054817275747508 0.560047238372093 0.5855481727574752 0.599109738372093 0.5066445182724253 0.5827579941860466 0.48421926910299007 0.5775345203488372 0.4879568106312292 0.5357467296511629 0.5689368770764119 0.5271166424418605 0.579734219269103 0.5105377906976745 0.5377906976744187 0.5094022529069767 0.5124584717607974 0.5196220930232558 0.40863787375415284 0.5225744912790697 0.3729235880398671 0.5268895348837209 0.35132890365448505
1 0.7580850290697675 0.3683554817275747 0.7635356104651163 0.37583056478405313 0.7633085029069767 0.4161129568106312 0.7537699854651163 0.4987541528239203 0.7499091569767442 0.5365448504983389 0.7483194040697675 0.5618770764119602 0.7514989098837209 0.5892857142857143 0.7569494912790697 0.6175249169435216 0.764216933139535 0.6428571428571429 0.7721656976744187 0.6598837209302326 0.7851108284883721 0.6710963455149501 0.7985101744186046 0.6619601328903655 0.8214480377906976 0.6312292358803987 0.8468840843023256 0.5921926910299004 0.8434774709302326 0.5805647840531561 0.8332576308139534 0.5685215946843853 0.8273528343023256 0.5726744186046512 0.7805686773255813 0.6382890365448505 0.7669422238372093 0.5843023255813954 0.7696675145348837 0.545265780730897 0.7794331395348837 0.4659468438538206 0.784202398255814 0.41860465116279066 0.788063226744186 0.3696013289036545
1 0.9840570494186046 0.3920265780730897 0.9976835029069768 0.41154485049833883 0.9951853197674418 0.5668604651162791 0.999046148255814 0.5859634551495017 0.998591933139535 0.39493355481727577
2 0.07153320312500001 0.46565934065934067 0.09707406850961539 0.48901098901098905 0.09876427283653848 0.47081043956043955 0.07547701322115387 0.45192307692307687
2 0.30741060697115385 0.47458791208791207 0.3305100661057692 0.49793956043956045 0.33482947716346156 0.4842032967032967 0.3115422175480769 0.45707417582417587
2 0.574462890625 0.49450549450549447 0.5812237079326923 0.5027472527472527 0.5949331430288461 0.5154532967032966 0.5975623497596153 0.5065247252747253 0.5810359074519231 0.48145604395604397
2 0.8272423377403847 0.5738324175824177 0.8306227463942308 0.5851648351648351 0.8428297776442308 0.5971840659340659 0.8467735877403847 0.5889423076923077 0.8443321814903847 0.5807005494505494 0.8334397536057694 0.5679945054945055
3 0.036038912259615405 0.5460164835164835 0.03885591947115386 0.5628434065934066 0.058762770432692325 0.5796703296703297 0.06890399639423078 0.5714285714285714 0.04204852764423079 0.5525412087912087 0.03641451322115386 0.5467032967032966
3 0.2742125496031746 0.5541383219954649 0.2680121527777778 0.55640589569161 0.263671875 0.5660430839002267 0.2687872023809524 0.5787981859410432 0.2847532242063492 0.5915532879818594 0.29250372023809523 0.584750566893424 0.27297247023809523 0.5688775510204082
3 0.529513888888889 0.5787981859410432 0.521453373015873 0.5759637188208617 0.5163380456349207 0.5895691609977325 0.5247085813492063 0.6003401360544218 0.5381944444444444 0.6139455782312925 0.5434647817460317 0.608843537414966 0.5290488591269841 0.5909863945578232
3 0.7796999007936508 0.63718820861678 0.7713293650793651 0.6374716553287982 0.7651289682539683 0.6462585034013605 0.7725694444444444 0.6598639455782314 0.7843501984126984 0.6700680272108843 0.7927207341269841 0.6663832199546486 0.7806299603174602 0.6490929705215419
