0 0.003997093023255827 0.16832779623477298 0.29469476744186046 0.17275747508305647 0.6398982558139534 0.18272425249169436 0.8954699612403101 0.20155038759689925 0.9990310077519379 0.21483942414174972 0.9978197674418604 0.30897009966777406 0.7222625968992248 0.2812846068660022 0.4236918604651163 0.2724252491694352 0.14328972868217055 0.2646733111849391 0.000968992248062029 0.2646733111849391
1 0.09623122317596566 0.2636419374616799 0.10360783261802575 0.27713059472716123 0.11500804721030042 0.3280196198651134 0.12406115879828325 0.48559166155732675 0.14451448497854075 0.5977927651747394 0.15457349785407726 0.6266094420600858 0.17301502145922748 0.6210913549969344 0.18877414163090128 0.583077866339669 0.18709763948497854 0.5683629675045984 0.17033261802575106 0.5714285714285714 0.16329130901287553 0.5910484365419987 0.14350858369098712 0.48927038626609437 0.1344554721030043 0.3133047210300429 0.13713787553648069 0.29368485591661553 0.13546137339055792 0.2593500919681177
1 0.31015289699570814 0.26425505824647455 0.33060622317596566 0.31943592887798894 0.33462982832618027 0.3543838136112814 0.34603004291845496 0.5082771305947271 0.363800965665236 0.5787860208461066 0.38291309012875535 0.6290619251992643 0.40772532188841204 0.6192519926425505 0.43086105150214593 0.5708154506437768 0.43086105150214593 0.5610055180870631 0.42381974248927035 0.5603923973022685 0.41409603004291845 0.5652973635806254 0.39632510729613735 0.6002452483139178 0.3634656652360515 0.49785407725321884 0.3517301502145923 0.32066217044757817 0.3517301502145923 0.2752912323727774 0.35709495708154504 0.26425505824647455
1 0.5629694206008583 0.275904353157572 0.5757108369098712 0.3200490496627836 0.5837580472103003 0.3445738810545677 0.5857698497854077 0.40649908031882276 0.5887875536480687 0.49356223175965663 0.594487660944206 0.5407725321888412 0.6095761802575107 0.607602697731453 0.6290236051502146 0.6535867565910484 0.648806330472103 0.6431637032495402 0.6699302575107297 0.6039239730226854 0.6813304721030042 0.5757204169221336 0.679989270386266 0.5665236051502146 0.673283261802575 0.5640711220110362 0.6689243562231759 0.5702023298589822 0.6380767167381973 0.6315144083384426 0.6290236051502146 0.6137339055793991 0.615276287553648 0.5634580012262416 0.6035407725321889 0.522378908645003 0.5995171673819742 0.38626609442060084 0.5998524678111588 0.3421213979153893 0.601193669527897 0.31820968730839977 0.6008583690987124 0.29245861434702636 0.6132644849785407 0.2709993868792152
1 0.8188036480686695 0.29245861434702636 0.8355686695278969 0.3568362967504598 0.8352333690987125 0.3973022685469037 0.8355686695278969 0.45616186388718577 0.8375804721030043 0.5095033721643163 0.8402628755364807 0.5370938074800736 0.8516630901287554 0.5702023298589822 0.8744635193133046 0.6118945432250154 0.8905579399141631 0.6351931330472103 0.9093347639484979 0.6400980993255672 0.9254291845493562 0.6106683016554261 0.954600321888412 0.5475168608215819 0.9532591201716738 0.5370938074800736 0.9452119098712446 0.5321888412017167 0.906987660944206 0.6174126302881667 0.8989404506437768 0.6223175965665236 0.8600456008583691 0.5542611894543225 0.8540101931330473 0.5352544451256898 0.8503218884120172 0.42244022072348253 0.8550160944206008 0.3274064990803188 0.8768106223175967 0.29307173513182094
2 0.1656384120171674 0.5818516247700797 0.1693267167381974 0.5935009196811771 0.18810354077253216 0.5843041079092581 0.18743293991416307 0.5665236051502146 0.1699973175965665 0.5714285714285714
2 0.4104077253218884 0.5738810545677498 0.4130901287553648 0.5873697118332311 0.4298551502145923 0.5744941753525444 0.43086105150214593 0.5603923973022685 0.42247854077253216 0.5603923973022685 0.4134254291845494 0.5640711220110362
2 0.6659066523605149 0.5775597792765175 0.6702655579399142 0.5861434702636419 0.6816657725321889 0.5781729000613121 0.6816657725321889 0.5683629675045984 0.6729479613733905 0.5646842427958307 0.6679184549356223 0.5683629675045984
2 0.9428648068669527 0.539546290619252 0.943535407725322 0.5524218270999387 0.955270922746781 0.551808706315144 0.9515826180257511 0.5340282035561005 0.9452119098712446 0.533415082771306
3 0.8962580472103004 0.6174126302881667 0.8885461373390557 0.6345800122624157 0.9002816523605149 0.6388718577559779 0.913023068669528 0.6370324954015941 0.903969957081545 0.6217044757817289
3 0.6340531115879828 0.6253832004904966 0.6273471030042919 0.6345800122624157 0.625 0.6419374616799509 0.6303648068669527 0.6499080318822807 0.6370708154506437 0.6486817903126916 0.642770922746781 0.6443899448191294 0.6400885193133047 0.6290619251992643
3 0.39230150214592274 0.5941140404659718 0.380230686695279 0.6069895769466584 0.3785541845493562 0.6174126302881667 0.38526019313304716 0.6259963212752913 0.3929721030042918 0.6266094420600858 0.40638412017167386 0.6210913549969344 0.3956545064377682 0.6125076640098099 0.3936427038626609 0.6026977314530962
3 0.16195010729613732 0.5971796443899449 0.149543991416309 0.6082158185162477 0.15256169527896996 0.6229307173513181 0.1589324034334764 0.6259963212752913 0.17636802575107297 0.6198651134273452 0.16262070815450644 0.6137339055793991 0.1582618025751073 0.6088289393010422
