0 0.0021802325581395483 0.10077519379844962 0.13602228682170545 0.13067552602436325 0.3025678294573644 0.1627906976744186 0.484859496124031 0.20487264673311184 0.6489825581395349 0.24031007751937986 0.8494428294573643 0.2912513842746401 0.99921875 0.33194781340200225 0.99921875 0.19601328903654486 0.7095445736434108 0.12181616832779625 0.42974806201550386 0.05980066445182724 0.1457122093023256 0.0033222591362126242 0.000968992248062029 0.00221483942414175
1 0.13637367491166077 0.12115093387178191 0.14189487632508832 0.14235234729934376 0.14299911660777384 0.17112569409389197 0.14437941696113074 0.20090863200403838 0.1435512367491166 0.2226148409893993 0.13195671378091872 0.37354871277132756 0.13030035335689044 0.4053508329126704 0.12919611307420495 0.43917213528520943 0.13195671378091872 0.46542150429076223 0.1396863957597173 0.5184250378596669 0.14796819787985865 0.5623422513881878 0.15514575971731448 0.5890964159515396 0.16342756183745583 0.5996971226653205 0.1852363074204947 0.6032306915699142 0.1968308303886926 0.5951539626451287 0.21477473498233218 0.5658758202927814 0.24155256183745583 0.5133770822816759 0.23603136042402828 0.5012619888944977 0.2153268551236749 0.49671882887430585 0.20676899293286216 0.5042907622412922 0.17861086572438162 0.5598182735991923 0.16287544169611307 0.47097425542655225 0.1609430212014134 0.4376577486118122 0.16839664310954064 0.3250883392226148 0.18330388692579505 0.18980312973245836 0.18302782685512367 0.1408379606259465 0.19130962897526502 0.12569409389197375 0.14631183745583037 0.11812216052498739
1 0.43948763250883394 0.18879353861686018 0.45439487632508835 0.22059565875820292 0.45439487632508835 0.24785461887935384 0.4538427561837456 0.26855123674911663 0.45577517667844525 0.28419989904088844 0.448321554770318 0.4553255931347804 0.44611307420494695 0.4957092377587077 0.4474933745583039 0.5259969712266532 0.4560512367491166 0.569409389197375 0.4759275618374558 0.6380615850580514 0.4880742049469965 0.6648157496214033 0.495803886925795 0.6683493185259969 0.5154041519434629 0.6653205451792025 0.528655035335689 0.6557294295810197 0.5499116607773852 0.6118122160524987 0.5761373674911661 0.5557799091367996 0.5736528268551236 0.5461887935386168 0.5670273851590106 0.5426552246340233 0.549083480565371 0.5406360424028268 0.5410777385159011 0.5477031802120141 0.5065702296819788 0.6279656739020697 0.4971841872791519 0.5996971226653205 0.48172482332155475 0.5406360424028268 0.47868816254416957 0.5118626956082787 0.489178445229682 0.2852094901564866 0.4941475265017668 0.2574457344775366 0.49552782685512364 0.21100454316002018 0.4991166077738516 0.18929833417465927 0.4510821554770318 0.18172640080767288
1 0.7555764134275618 0.26249369005552753 0.7718639575971731 0.309439676930843 0.7699315371024735 0.34275618374558303 0.7704836572438162 0.3568904593639576 0.7564045936395759 0.5229681978798586 0.7553003533568904 0.5507319535588087 0.7533679328621907 0.5860676426047451 0.7577848939929328 0.6183745583038869 0.7685512367491165 0.6653205451792025 0.78125 0.7097425542655225 0.7917402826855123 0.7395254921756688 0.8019545053003533 0.7571933366986371 0.8392226148409894 0.7476022211004543 0.9005079505300353 0.6597677940434125 0.8911219081272085 0.6486622917718324 0.8751104240282686 0.6456335184250379 0.8646201413427562 0.6542150429076224 0.830940812720848 0.7067137809187279 0.8174138692579506 0.7264008076728925 0.8118926678445229 0.712266532054518 0.7909121024734982 0.6355376072690561 0.7842866607773852 0.5971731448763251 0.7873233215547704 0.5381120646138314 0.8049911660777385 0.32407874810701665 0.8135490282685511 0.29934376577486116 0.8218308303886925 0.2690560323069157 0.7707597173144876 0.25391216557294294
2 0.19986749116607774 0.5179202423018677 0.2062168727915194 0.5305401312468451 0.2316143992932862 0.5345784957092378 0.24265680212014135 0.5113579000504795 0.23603136042402828 0.5002523977788995 0.21422261484098942 0.4962140333165068
2 0.5363847173144876 0.563351842503786 0.5452186395759717 0.5764765270065623 0.5656470848056536 0.5805148914689551 0.5769655477031802 0.5557799091367996 0.5736528268551236 0.5451792024230186 0.5474271201413428 0.5376072690560323
2 0.8602031802120141 0.6622917718324078 0.8673807420494699 0.6769308430085815 0.8894655477031803 0.6769308430085815 0.9007840106007066 0.6602725896012115 0.890845848056537 0.6471479050984351 0.869589222614841 0.6476527006562343
3 0.1761263250883392 0.553255931347804 0.15680212014134276 0.5608278647147905 0.15072879858657245 0.574457344775366 0.15818242049469963 0.5971731448763251 0.16839664310954064 0.6017163048965168 0.18689266784452296 0.6047450782433115 0.19821113074204946 0.5951539626451287 0.17446996466431094 0.5850580514891469 0.17805874558303886 0.5623422513881878
3 0.5032575088339223 0.6234225138818779 0.48586572438162545 0.6314992428066633 0.4797924028268551 0.6446239273094396 0.48724602473498235 0.6607773851590105 0.4949757067137809 0.663301362948006 0.5090547703180212 0.6658253407370015 0.5165083922261484 0.6648157496214033 0.5292071554770318 0.6557294295810197 0.5027053886925794 0.6537102473498233 0.4991166077738516 0.6400807672892479 0.5062941696113075 0.6279656739020697
3 0.810512367491166 0.7092377587077233 0.7928445229681979 0.7193336698637052 0.7881515017667844 0.7339727410398788 0.793672703180212 0.7476022211004543 0.8055432862190812 0.7561837455830388 0.8187941696113074 0.7536597677940434 0.8414310954063604 0.7476022211004543 0.8477804770318021 0.7344775365976779 0.8256956713780917 0.7354871277132761 0.8146532685512368 0.7258960121150934
