0 0.0021802325581395483 0.663344407530454 0.2123304263565892 0.6234772978959026 0.42853682170542634 0.5825027685492802 0.6580668604651163 0.5437430786267995 0.9421027131782944 0.5049833887043189 0.9990310077519379 0.49612403100775193 0.9978197674418604 0.6223698781838317 0.5096899224806202 0.7032115171650055 0.20930232558139536 0.768549280177187 -4.4408920985006264e-17 0.8170791565738286
1 0.183852140077821 0.7682045580878266 0.1875 0.830461367426348 0.19509970817120623 0.9021678710394664 0.20391536964980544 0.9516397998888272 0.2291464007782101 0.9855475264035576 0.24695251702334614 0.9985714285714286 0.30240758754863817 0.9985714285714286 0.32794260700389105 0.9366314619232907 0.35438959143968873 0.8465814341300723 0.332806420233463 0.8171206225680934 0.32338278210116733 0.8176764869371873 0.3121352140077821 0.8482490272373541 0.2914640077821012 0.9132851584213453 0.2780885214007782 0.9555308504724848 0.2625851167315175 0.9710950528071151 0.2507295719844358 0.9710950528071151 0.23188229571984437 0.9588660366870485 0.22671449416342412 0.9271817676486938 0.2130350194552529 0.77431906614786 0.2109071011673152 0.7431906614785992
1 0.4875364785992217 0.6914952751528628 0.49452821011673154 0.7231795441912174 0.5018239299610895 0.783212896053363 0.5088156614785991 0.8371317398554753 0.5182392996108949 0.8688160088938299 0.5307028210116731 0.896609227348527 0.5522859922178988 0.9116175653140633 0.5784289883268483 0.9288493607559757 0.5994041828793775 0.9382990550305726 0.6142996108949416 0.9277376320177877 0.6304109922178988 0.8977209560867149 0.6522981517509727 0.8354641467481936 0.6671935797665369 0.7893274041133964 0.6656736381322956 0.7754307948860478 0.658681906614786 0.7576431350750417 0.6495622568093384 0.7537520844913841 0.6431785019455253 0.7659811006114509 0.6240272373540856 0.8198999444135632 0.6091318093385214 0.8649249583101725 0.5987962062256809 0.8816008893829905 0.5857247081712063 0.8921623123957755 0.5668774319066148 0.8843802112284603 0.5446862840466926 0.8704836020011119 0.5313107976653696 0.8610339077265149 0.5188472762645915 0.763201778765981 0.5109435797665369 0.6998332406892718 0.5085116731517509 0.6864924958310172
1 0.7593020428015564 0.6453585325180656 0.7781493190661479 0.7020566981656476 0.8027723735408561 0.7809894385769873 0.8219236381322957 0.8260144524735965 0.8380350194552528 0.8337965536409117 0.8872811284046692 0.8460255697609784 0.9052164396887159 0.8399110617009451 0.9207198443579767 0.8171206225680934 0.9304474708171206 0.7782101167315175 0.9450389105058365 0.6920511395219567 0.9383511673151752 0.6670372429127294 0.9313594357976653 0.6648137854363536 0.9255836575875487 0.6714841578654809 0.9082563229571985 0.7654252362423569 0.9006566147859922 0.7921067259588662 0.8912329766536965 0.7998888271261813 0.8760335603112841 0.802668148971651 0.8188837548638132 0.7837687604224569 0.8067242217898833 0.7487493051695386 0.7793652723735408 0.6637020566981657 0.7769333657587548 0.6409116175653141
2 0.3148711089494164 0.8438021122846026 0.32095087548638135 0.8549193996664814 0.3443579766536965 0.878265703168427 0.354693579766537 0.8454697053918845 0.32551070038910507 0.8098943857698723
2 0.6419625486381323 0.7770983879933298 0.6474343385214008 0.7887715397443024 0.6620257782101168 0.8048916064480267 0.6678015564202335 0.7882156753752084 0.6662816147859922 0.7709838799332963 0.6568579766536965 0.755419677598666 0.6471303501945525 0.755419677598666
2 0.924671692607004 0.6826014452473597 0.9304474708171206 0.6948304613674263 0.9413910505836576 0.7109505280711507 0.9447349221789884 0.6909394107837687 0.9389591439688717 0.6648137854363536 0.9310554474708171 0.6642579210672597 0.924671692607004 0.6725958866036688
3 0.25893725680933855 0.9733185102834909 0.25863703529436644 0.9985714285714286 0.3027115758754864 0.9985714285714286 0.3127431906614786 0.9766536964980546 0.2835603112840467 0.963868816008894 0.27778453307393 0.9588660366870485 0.268056906614786 0.971650917176209
3 0.6039640077821011 0.8727070594774875 0.6106517509727627 0.8849360755975543 0.6225072957198443 0.9105058365758756 0.6109557392996109 0.9255141745414118 0.5984922178988327 0.9382990550305726 0.5905885214007782 0.9105058365758756 0.5893725680933852 0.8932740411339634 0.5981882295719844 0.886047804335742
3 0.8848492217898833 0.802668148971651 0.8830252918287937 0.8198999444135632 0.8878891050583657 0.8488048916064481 0.9052164396887159 0.840466926070039 0.9201118677042801 0.8193440800444692 0.9100802529182879 0.7971095052807115 0.9021765564202335 0.7915508615897722 0.8948808365758755 0.7993329627570873
