0 0.12965745192307693 0.9938186813186813 0.25060096153846156 0.6394230769230769 0.391826923076923 0.23557692307692307 0.479717548076923 0.002060439560439562 0.5525841346153847 0.002060439560439562 0.3955829326923077 0.4168956043956044 0.24158653846153846 0.8619505494505495 0.19497563073394497 0.9985714285714286
1 0.23814418859649122 0.8546365914786966 0.2436266447368421 0.8715538847117794 0.2631578947368421 0.8997493734335839 0.297765899122807 0.9392230576441102 0.3340871710526315 0.9830827067669172 0.35170559210526325 0.9985714285714286 0.4118695175438596 0.9981203007518796 0.41769462719298245 0.9937343358395989 0.40158991228070173 0.8903508771929823 0.4074150219298245 0.8659147869674184 0.414610745614035 0.8665413533834586 0.419750548245614 0.8897243107769424 0.429344846491228 0.944235588972431 0.4331140350877193 0.9812030075187969 0.4318039171203871 0.9985714285714286 0.31215734649122806 0.9974937343358395 0.2600740131578947 0.9429824561403508 0.24225603070175436 0.9304511278195488 0.2138157894736842 0.932330827067669
1 0.36698190789473684 0.49498746867167914 0.3868558114035087 0.49310776942355883 0.3995339912280701 0.4912280701754385 0.41769462719298245 0.5093984962406015 0.4570997807017544 0.5682957393483709 0.4817708333333333 0.6058897243107769 0.5013020833333333 0.6290726817042606 0.5389939692982455 0.6466165413533834 0.5746299342105263 0.6547619047619047 0.5910773026315789 0.6027568922305764 0.5924479166666666 0.5043859649122806 0.5862801535087718 0.512531328320802 0.5790844298245613 0.5269423558897243 0.5749725877192982 0.6253132832080199 0.5544133771929823 0.6221804511278195 0.5194627192982455 0.6052631578947367 0.5002741228070174 0.5883458646616541 0.4512746710526315 0.5100250626566416 0.40535910087719296 0.4454887218045112 0.39199561403508765 0.412907268170426
1 0.5345394736842104 0.03258145363408521 0.5434484649122806 0.07017543859649122 0.5568119517543859 0.08395989974937343 0.6085526315789473 0.15162907268170425 0.6376781798245613 0.19110275689223058 0.653782894736842 0.20676691729323307 0.697985197368421 0.20676691729323307 0.7178591008771928 0.19736842105263155 0.7116913377192982 0.07894736842105263 0.7185444078947367 0.06015037593984962 0.7264254385964912 0.05701754385964912 0.7284813596491226 0.07706766917293231 0.7325932017543859 0.19172932330827064 0.7212856359649122 0.2224310776942356 0.7058662280701753 0.23496240601503757 0.6692023026315789 0.23934837092731828 0.6428179824561403 0.23370927318295737 0.6181469298245613 0.21491228070175436 0.5736019736842104 0.15225563909774434 0.5407072368421052 0.11215538847117792 0.5067845394736842 0.11466165413533834
2 0.4063870614035087 0.9078947368421052 0.4128974780701754 0.9022556390977442 0.4187225877192982 0.8796992481203005 0.41495339912280693 0.8652882205513783 0.40707236842105254 0.8646616541353382 0.4012472587719298 0.8934837092731829
2 0.5773711622807017 0.5451127819548871 0.585594846491228 0.5451127819548871 0.5924479166666666 0.5231829573934836 0.5924479166666666 0.5043859649122806 0.5814830043859648 0.5100250626566416 0.576000548245614 0.5288220551378445
2 0.7137472587719297 0.10150375939849622 0.7226562499999999 0.09774436090225563 0.727110745614035 0.06954887218045112 0.727110745614035 0.05388471177944862 0.7188870614035088 0.05952380952380952 0.7110060307017543 0.07894736842105263
3 0.5688048245614035 0.6246867167919798 0.5657209429824561 0.6416040100250626 0.5688048245614035 0.6553884711779449 0.5783991228070174 0.644736842105263 0.5831962719298245 0.6253132832080199 0.5876507675438596 0.6102756892230576 0.5763432017543859 0.6228070175438596 0.5736019736842104 0.6234335839598997
3 0.7096354166666666 0.20551378446115287 0.7082648026315789 0.21679197994987467 0.7103207236842104 0.23182957393483705 0.7206003289473684 0.2224310776942356 0.726768092105263 0.20488721804511276 0.7312225877192982 0.18984962406015038 0.7202576754385964 0.19423558897243107 0.7137472587719297 0.19862155388471173
3 0.4181743421052631 0.9842105263157894 0.4325657894736842 0.9827067669172932 0.4325657894736842 0.9985714285714286 0.4103618421052631 0.9985714285714286
