0 0.0003633720930232693 0.08416389811738649 0.40310077519379844 0.05315614617940199 0.6090116279069767 0.035437430786267994 0.834907945736434 0.028792912513842743 0.99921875 0.031002133411504137 0.9990310077519379 0.0963455149501661 0.8863856589147285 0.0963455149501661 0.7380087209302325 0.09856035437430787 0.5793362403100775 0.10077519379844962 0.4315649224806202 0.11517165005537099 0.2965116279069767 0.12070874861572536 0.14995155038759692 0.13399778516057587 0.0027858527131783078 0.14507198228128462 0.0 0.10286347096978306
1 0.01339934593023256 0.14244186046511628 0.021121002906976744 0.17898671096345517 0.023846293604651164 0.22674418604651164 0.026344476744186045 0.28903654485049834 0.036110101744186045 0.33014950166112955 0.04337754360465117 0.3359634551495017 0.04973655523255814 0.33139534883720934 0.05473292151162791 0.28363787375415284 0.05200763081395349 0.2715946843853821 0.04383175872093023 0.2691029900332226 0.040652252906976744 0.3019102990033223 0.037018531976744186 0.2807308970099668 0.03474745639534883 0.24335548172757476 0.031113735465116282 0.18355481727574752 0.03542877906976744 0.1590531561461794 0.037245639534883725 0.14161129568106312
1 0.14603015988372092 0.13538205980066445 0.1535247093023256 0.1669435215946844 0.1551144622093023 0.2329734219269103 0.15829396802325582 0.2724252491694352 0.1691951308139535 0.31893687707641194 0.17918786337209303 0.3222591362126246 0.18327579941860467 0.32142857142857145 0.19281431686046513 0.2607973421926911 0.1869095203488372 0.25789036544850497 0.17759811046511628 0.2620431893687708 0.17600835755813954 0.2915282392026578 0.1730559593023256 0.2927740863787376 0.16964934593023256 0.2645348837209302 0.16646984011627908 0.16777408637873753 0.16896802325581395 0.13039867109634554
1 0.2729832848837209 0.11918604651162791 0.2788880813953488 0.12998338870431894 0.2827489098837209 0.1611295681063123 0.28343023255813954 0.2063953488372093 0.28229469476744184 0.2616279069767442 0.29546693313953487 0.329734219269103 0.30795784883720934 0.33139534883720934 0.3136355377906977 0.31602990033222594 0.3218114098837209 0.28488372093023256 0.31976744186046513 0.2786544850498339 0.31431686046511625 0.2757475083056478 0.30841206395348836 0.28862126245847175 0.3043241279069767 0.30564784053156147 0.3006904069767442 0.30772425249169433 0.2925145348837209 0.26411960132890366 0.29546693313953487 0.16154485049833886 0.29592114825581395 0.13995016611295683 0.2979651162790698 0.11918604651162791
1 0.4062954215116279 0.11046511627906977 0.4162881540697675 0.1382890365448505 0.4167423691860465 0.16777408637873753 0.4201489825581396 0.2200996677740864 0.4217387354651163 0.2562292358803987 0.43105014534883723 0.29651162790697677 0.4417242005813954 0.31602990033222594 0.4528524709302325 0.32018272425249167 0.4632994186046512 0.29817275747508304 0.4732921511627907 0.2691029900332226 0.4707939680232558 0.2603820598006644 0.4628452034883721 0.25830564784053156 0.45648619186046513 0.2707641196013289 0.4474018895348837 0.2994186046511628 0.44081577034883723 0.2861295681063123 0.433094113372093 0.25664451827242524 0.4305959302325581 0.1926910299003322 0.4278706395348837 0.13579734219269105 0.4303688226744186 0.1117109634551495
1 0.5575490552325582 0.10589700996677741 0.5677688953488372 0.13745847176079734 0.5714026162790697 0.20598006644518274 0.5723110465116279 0.24127906976744184 0.5823037790697675 0.2869601328903654 0.5943404796511629 0.3102159468438538 0.6036518895348837 0.31146179401993357 0.6256813226744187 0.2462624584717608 0.6168241279069767 0.2387873754152824 0.5959302325581396 0.2940199335548173 0.5904796511627908 0.2819767441860465 0.5798055959302325 0.24792358803986708 0.5784429505813954 0.19061461794019935 0.5784429505813954 0.1403654485049834 0.5816224563953488 0.1287375415282392 0.5798055959302325 0.10382059800664452
1 0.7108466569767442 0.098421926910299 0.7199309593023255 0.12832225913621262 0.7199309593023255 0.16860465116279072 0.7228833575581396 0.22259136212624586 0.725608648255814 0.2446013289036545 0.7480922965116279 0.2753322259136213 0.7635356104651163 0.2857142857142857 0.7760265261627908 0.25872093023255816 0.791015625 0.2063953488372093 0.7830668604651163 0.1989202657807309 0.7789789244186046 0.20390365448504985 0.7619458575581396 0.2549833887043189 0.7535428779069767 0.26993355481727577 0.7331031976744187 0.24169435215946847 0.7315134447674418 0.20598006644518274 0.7306050145348837 0.16071428571428573 0.732421875 0.11794019933554817 0.7385537790697675 0.0967607973421927
1 0.8607376453488372 0.09509966777408638 0.8698219476744186 0.12583056478405316 0.8700490552325582 0.16818936877076412 0.8695948401162792 0.22674418604651164 0.8714117005813954 0.2541528239202658 0.8829941860465116 0.2865448504983389 0.8929869186046512 0.3081395348837209 0.9025254360465116 0.3143687707641196 0.9070675872093024 0.3143687707641196 0.9365915697674418 0.25830564784053156 0.9356831395348838 0.2520764119601329 0.9261446220930234 0.2462624584717608 0.921375363372093 0.25664451827242524 0.9000272529069768 0.2956810631229236 0.886173691860465 0.2620431893687708 0.8825399709302326 0.24377076411960133 0.8832212936046512 0.19393687707641197 0.8829941860465116 0.11503322259136212 0.8882176598837208 0.09177740863787376
2 0.04519440406976744 0.2823920265780731 0.05541424418604651 0.28446843853820597 0.051326308139534885 0.2674418604651163 0.04019803779069768 0.26868770764119604
2 0.17805232558139533 0.2695182724252492 0.19281431686046513 0.2745016611295681 0.19349563953488375 0.25872093023255816 0.17873364825581395 0.25664451827242524
2 0.3081849563953488 0.28945182724252494 0.3211300872093023 0.2927740863787376 0.3227198401162791 0.2828073089700997 0.3174963662790698 0.276578073089701 0.31113735465116277 0.276578073089701
2 0.4596656976744186 0.2653654485049834 0.4626180959302325 0.2707641196013289 0.4730650436046512 0.2715946843853821 0.4744276889534884 0.26328903654485053 0.4696584302325581 0.25830564784053156 0.4628452034883721 0.25789036544850497 0.46034702034883723 0.2653654485049834
2 0.6140962230215827 0.24871531346351491 0.619716726618705 0.2514559780746831 0.6245878297362111 0.24974306269270297 0.6232763788968825 0.23843782117163415 0.6178432254196642 0.2391229873244262 0.6129721223021583 0.2442617334703666
2 0.7767161270983214 0.20829051044878383 0.7797137290167866 0.21274409044193215 0.7887065347721822 0.2144570058239123 0.7892685851318946 0.20589242891401166 0.785708932853717 0.20041109969167523 0.780650479616307 0.1990407673860911
2 0.9211630695443646 0.25453922576224736 0.9258468225419664 0.2589928057553957 0.9354016786570745 0.2617334703665639 0.9367131294964028 0.2555669749914354 0.9337155275779377 0.24803014731072287 0.9265962230215827 0.24665981500513876
3 0.04043015587529979 0.3110654333675916 0.036495803357314185 0.3172319287427201 0.035371702637889725 0.32922233641658105 0.0428657074340528 0.3336759164097294 0.050547062350119944 0.33264816718054124 0.039493405275779415 0.3223706748886605
3 0.17307404076738614 0.30284343953408704 0.1693270383693046 0.3066118533744433 0.16558003597122306 0.3100376841384036 0.17120053956834536 0.3216855087358685 0.18113009592326143 0.3233984241178486 0.18468974820143888 0.31928742720109626 0.1717625899280576 0.3120931825967797
3 0.3014088729016787 0.3093525179856115 0.29204136690647486 0.3172319287427201 0.29691247002398086 0.33059266872216514 0.30759142685851326 0.33230558410414524 0.2993480215827339 0.3216855087358685
3 0.446417865707434 0.3062692702980473 0.44267086330935246 0.30729701952723537 0.43817446043165464 0.31140801644398763 0.4430455635491607 0.3168893456663241 0.45128896882494 0.3179170948955122 0.4542865707434053 0.3172319287427201 0.4451064148681055 0.31140801644398763
3 0.5966726618705036 0.2956491949297705 0.5925509592326139 0.2959917780061665 0.5893660071942446 0.302500856457691 0.5955485611510791 0.3103802672147996 0.6030425659472421 0.3103802672147996 0.6043540167865707 0.30455635491606714 0.5966726618705036 0.30284343953408704
3 0.7557329136690647 0.2699554642000685 0.7519859112709832 0.27064063035286057 0.748988309352518 0.26687221651250426 0.7480515587529977 0.2747516272696129 0.7609787170263789 0.2840013703323056 0.7649130695443646 0.2788626241863652
3 0.9009292565947243 0.2983898595409387 0.8951214028776979 0.3001027749229188 0.8900629496402879 0.30318602261048305 0.8975569544364509 0.30969510106200754 0.9071118105515588 0.31140801644398763 0.9086106115107914 0.3076396026036314 0.8992431055155876 0.302158273381295
