0 0.000968992248062029 0.09523809523809525 0.2123304263565892 0.11406423034330013 0.5072674418604651 0.1362126245847176 0.7277131782945736 0.15946843853820597 0.998425387596899 0.1982281284606866 0.9990310077519379 0.32447397563676633 0.6320251937984496 0.2757475083056478 0.2874273255813954 0.256921373200443 -4.4408920985006264e-17 0.24917596316372323
1 0.0 0.6486817903126916 0.01710032188841202 0.6866952789699571 0.022129828326180257 0.6952789699570816 0.04157725321888412 0.6517473942366646 0.06001877682403434 0.6131207847946045 0.08047210300429183 0.6033108522378908 0.09153701716738197 0.6088289393010422 0.09153701716738197 0.6204782342121398 0.04861856223175966 0.7124463519313304 0.04124195278969957 0.7234825260576334 0.008717811158798282 0.7388105456774984 0.0006706008583690987 0.7326793378295524
1 0.24577521459227464 0.243408951563458 0.2668991416309013 0.2777437155119558 0.27561695278969955 0.3133047210300429 0.2766228540772532 0.35806253832004903 0.2772934549356223 0.5236051502145922 0.2823229613733905 0.5714285714285714 0.299087982832618 0.6192519926425505 0.32222371244635195 0.668301655426119 0.3396593347639485 0.6952789699570816 0.3540772532188841 0.6989576946658491 0.37956008583690987 0.6866952789699571 0.43555525751072965 0.583077866339669 0.43186695278969955 0.5769466584917228 0.4167784334763948 0.5744941753525444 0.40772532188841204 0.5824647455548743 0.35810085836909866 0.6676885346413243 0.3517301502145923 0.6689147762109136 0.3312768240343348 0.6241569589209074 0.3128353004291845 0.5769466584917228 0.30612929184549353 0.551808706315144 0.3044527896995708 0.4396076026977314 0.30679989270386265 0.2826486817903127 0.3175295064377682 0.2470876762722256
1 0.5753755364806866 0.26425505824647455 0.5874463519313304 0.29491109748620475 0.5978406652360515 0.3366033108522379 0.5978406652360515 0.38749233599019006 0.5941523605150214 0.5137952176578786 0.595158261802575 0.5505824647455548 0.6008583690987124 0.5812385039852851 0.6229881974248926 0.6376456161863887 0.6478004291845493 0.6897608828939301 0.6625536480686696 0.7020232985898222 0.6870305793991416 0.6903740036787247 0.7420198497854077 0.5971796443899449 0.734307939914163 0.5873697118332311 0.7219018240343347 0.5873697118332311 0.669594957081545 0.6732066217044758 0.662218347639485 0.668301655426119 0.6216469957081545 0.5763335377069283 0.6176233905579399 0.5444512568976089 0.6209763948497854 0.3911710606989577 0.6246646995708154 0.3083997547516861 0.6343884120171673 0.272838749233599
1 0.8245037553648068 0.2869405272838749 0.8573631974248928 0.33537706928264865 0.8587043991416309 0.4242795830778663 0.859375 0.5370938074800736 0.8610515021459226 0.5702023298589822 0.8784871244635193 0.6143470263641937 0.9193937768240342 0.6781115879828326 0.9398471030042919 0.680564071122011 0.9609710300429184 0.648068669527897 0.9981893776824033 0.572041692213366 0.9918186695278969 0.5640711220110362 0.9847773605150214 0.5640711220110362 0.9452119098712446 0.6382587369711833 0.9334763948497853 0.6566523605150214 0.9217408798283261 0.65113427345187 0.8925697424892703 0.6026977314530962 0.8784871244635193 0.5695892090741875 0.8744635193133046 0.5321888412017167 0.8751341201716738 0.3366033108522379 0.8858637339055793 0.30472103004291845
2 0.05282738095238095 0.6263038548752835 0.0625 0.6403628117913832 0.08779761904761904 0.6294784580498867 0.09151785714285715 0.61859410430839 0.09151785714285715 0.6072562358276644 0.08035714285714286 0.6022675736961451 0.05853174603174603 0.6131519274376417
2 0.40500992063492064 0.5904761904761905 0.41369047619047616 0.6022675736961451 0.42832341269841273 0.5977324263038549 0.4350198412698413 0.581859410430839 0.431795634920635 0.5741496598639456 0.416170634920635 0.5750566893424036 0.40749007936507936 0.5804988662131519
2 0.7145337301587301 0.599092970521542 0.722718253968254 0.6117913832199546 0.7341269841269842 0.6090702947845805 0.7418154761904762 0.5963718820861678 0.7341269841269842 0.5854875283446712 0.7219742063492063 0.5863945578231292
2 0.9806547619047619 0.5736961451247166 0.9915674603174602 0.5886621315192744 0.9985119047619048 0.5723356009070295 0.9915674603174602 0.563265306122449 0.984375 0.56281179138322
3 0.018774541884816788 0.68848167539267 0.0005726439790576288 0.7079281974569932 0.0005726439790576288 0.731488406881077 0.011616492146596895 0.7393418100224382 0.04290739528795815 0.7240089753178758 0.04924738219895291 0.7112939416604338 0.024500981675392705 0.7142857142857142 0.0197971204188482 0.7034405385190725 0.02204679319371731 0.6970830216903515
3 0.3486583769633508 0.6637995512341062 0.3367964659685864 0.6709050112191473 0.3310700261780105 0.6828721017202692 0.3406822643979058 0.694465220643231 0.35397578534031415 0.6952131637995511 0.37401832460732987 0.6892296185489902 0.35458933246073304 0.6727748691099477
3 0.6621809554973821 0.6675392670157068 0.650523560209424 0.6724008975317876 0.6456151832460733 0.6832460732984292 0.6546138743455497 0.6967090501121914 0.6658622382198953 0.6989528795811518 0.6871318717277487 0.6888556469708301 0.676497054973822 0.68810770381451 0.6662712696335078 0.6772625280478684
3 0.9262107329842932 0.6544502617801047 0.9168030104712042 0.6720269259536275 0.9255971858638743 0.6798803290949887 0.9378681282722512 0.675766641735228 0.9431855366492146 0.6701570680628272 0.9327552356020942 0.6574420344053852
