0 0.0021802325581395483 0.06644518272425248 0.19779554263565893 0.1284606866002215 0.5181686046511629 0.22369878183831673 0.8724563953488371 0.33554817275747506 0.998425387596899 0.38205980066445183 0.9978197674418604 0.5149501661129569 0.7162063953488372 0.4208194905869324 0.36191860465116277 0.31007751937984496 0.0 0.2049430178853839
1 0.04827724358974363 0.18315018315018314 0.05203325320512825 0.20787545787545786 0.04702524038461543 0.22619047619047616 0.028745993589743633 0.30586080586080583 0.023737980769230817 0.33379120879120877 0.023487580128205173 0.35347985347985345 0.03074919871794876 0.3772893772893773 0.05278445512820516 0.4139194139194139 0.06505408653846158 0.4281135531135531 0.07607171474358979 0.4313186813186813 0.08633814102564107 0.4226190476190476 0.09910857371794876 0.40521978021978017 0.1486879006410257 0.3054029304029304 0.1464342948717949 0.2944139194139194 0.12965745192307696 0.2632783882783883 0.12139423076923081 0.25824175824175827 0.11363181089743593 0.27106227106227104 0.0645532852564103 0.3608058608058608 0.058543669871794914 0.3681318681318681 0.05453725961538466 0.3727106227106227 0.06380208333333337 0.32783882783882784 0.08082932692307696 0.2554945054945055 0.0878405448717949 0.2344322344322344 0.09785657051282055 0.20146520146520147
1 0.3207131410256411 0.27197802197802196 0.32747395833333337 0.2866300366300366 0.3237179487179488 0.3237179487179487 0.31244991987179493 0.3855311355311355 0.30894431089743596 0.41208791208791207 0.30794270833333337 0.4345238095238095 0.31244991987179493 0.45787545787545786 0.33398437500000006 0.4922161172161172 0.34375000000000006 0.5077838827838828 0.35151241987179493 0.516941391941392 0.36127804487179493 0.5206043956043955 0.3712940705128206 0.5151098901098901 0.3868189102564103 0.5 0.44115584935897434 0.39514652014652013 0.43314302884615385 0.3818681318681319 0.41887019230769235 0.3562271062271062 0.41185897435897434 0.35302197802197804 0.3627804487179488 0.44642857142857145 0.35576923076923084 0.4606227106227106 0.34725560897435903 0.46749084249084244 0.3389923878205129 0.467032967032967 0.3364883814102565 0.4592490842490842 0.3560196314102565 0.3273809523809524 0.3610276442307693 0.2912087912087912 0.36904046474358976 0.26694139194139194
1 0.5858874198717949 0.3411172161172161 0.6011618589743589 0.35943223443223443 0.6054186698717949 0.3768315018315018 0.6054186698717949 0.40201465201465203 0.5984074519230769 0.4789377289377289 0.5981570512820513 0.5068681318681318 0.5994090544871795 0.5224358974358974 0.6086738782051282 0.548076923076923 0.6174379006410257 0.5654761904761905 0.6264523237179487 0.5782967032967034 0.6424779647435898 0.5911172161172161 0.6582532051282051 0.5970695970695971 0.6697716346153846 0.5934065934065934 0.6835436698717949 0.5787545787545788 0.7386318108974359 0.48122710622710624 0.7368790064102564 0.4688644688644688 0.7308693910256411 0.44551282051282054 0.7221053685897436 0.4358974358974359 0.7170973557692307 0.43727106227106227 0.6685196314102564 0.5265567765567766 0.6587540064102564 0.5393772893772893 0.6494891826923077 0.5467032967032966 0.6382211538461539 0.5467032967032966 0.6262019230769231 0.5375457875457875 0.6196915064102564 0.5297619047619048 0.6329627403846154 0.3768315018315018 0.6352163461538461 0.3658424908424908 0.6494891826923077 0.34615384615384615
1 0.8615785256410255 0.43727106227106227 0.8725961538461539 0.45009157509157505 0.8811097756410255 0.4606227106227106 0.8836137820512822 0.4803113553113553 0.8818609775641025 0.5412087912087912 0.8828625801282051 0.592948717948718 0.8886217948717949 0.6181318681318682 0.9001402243589742 0.6488095238095237 0.9084034455128205 0.6611721611721612 0.9434595352564102 0.690018315018315 0.9524739583333334 0.6936813186813187 0.9622395833333334 0.6904761904761905 0.9750100160256411 0.6808608058608059 0.9990484775641025 0.6318681318681318 0.9990484775641025 0.5485347985347985 0.9822716346153847 0.5869963369963369 0.9634915865384615 0.6227106227106226 0.9562299679487178 0.6341575091575091 0.9482171474358975 0.6414835164835165 0.9371995192307692 0.6410256410256411 0.9043970352564102 0.613095238095238 0.9028946314102564 0.49358974358974356 0.9036458333333334 0.46108058608058605 0.9121594551282051 0.4253663003663003
2 0.1103766025641026 0.28205128205128205 0.1384214743589744 0.3292124542124542 0.1511919070512821 0.30036630036630035 0.12164463141025646 0.25503663003663
2 0.40059094551282054 0.3759157509157509 0.4071013621794872 0.3841575091575092 0.4291366185897436 0.42216117216117216 0.44140625 0.39514652014652013 0.4183693910256411 0.3548534798534798 0.41110777243589747 0.35119047619047616
2 0.7093349358974359 0.45238095238095233 0.7193509615384615 0.4615384615384615 0.7298677884615384 0.49862637362637363 0.7398838141025641 0.4789377289377289 0.7281149839743589 0.44184981684981683 0.7203525641025641 0.43360805860805857
3 0.05528846153846158 0.37362637362637363 0.04201722756410261 0.3713369963369963 0.037009214743589786 0.3878205128205128 0.04877804487179492 0.407967032967033 0.06430288461538466 0.4244505494505494 0.0743189102564103 0.42857142857142855 0.08433493589743593 0.4253663003663003 0.058293269230769273 0.3887362637362637
3 0.33824118589743596 0.4679487179487179 0.3289763621794872 0.47435897435897434 0.3337339743589744 0.494047619047619 0.3447516025641026 0.5082417582417582 0.354266826923077 0.5183150183150184 0.3627804487179488 0.5183150183150184 0.37304687500000006 0.5160256410256411 0.3545172275641026 0.47985347985347987 0.35226362179487186 0.46840659340659335 0.3465044070512821 0.4702380952380952 0.3434995993589744 0.4688644688644688
3 0.6364683493589743 0.5444139194139194 0.6299579326923077 0.5636446886446886 0.6392227564102564 0.5883699633699634 0.6477363782051282 0.5947802197802198 0.6572516025641025 0.5989010989010989 0.6680188301282051 0.5956959706959707 0.6737780448717949 0.5911172161172161 0.6582532051282051 0.5563186813186813 0.659004407051282 0.5384615384615384 0.6522435897435898 0.5453296703296703 0.6427283653846154 0.5457875457875457
3 0.9354467147435898 0.6401098901098901 0.9296875 0.6547619047619048 0.9404547275641025 0.6886446886446886 0.9512219551282051 0.6932234432234432 0.9597355769230769 0.6891025641025641 0.9705028044871795 0.6836080586080585 0.9770132211538461 0.6785714285714286 0.9637419871794872 0.6442307692307693 0.9639923878205128 0.6240842490842491 0.9597355769230769 0.63507326007326 0.9494691506410255 0.6410256410256411 0.9402043269230769 0.6428571428571429
