0 0.000968992248062029 0.1184939091915836 0.2268653100775194 0.10077519379844962 0.5496608527131783 0.08748615725359911 0.8179505813953487 0.08416389811738649 0.9978197674418604 0.08859357696566998 0.9978197674418604 0.20044296788482838 0.6647286821705427 0.19490586932447398 0.44125484496124034 0.20044296788482838 0.22625968992248063 0.21373200442967885 0.0 0.22580376052709653
1 0.03009564643799472 0.18545043347154164 0.010925131926121372 0.24952883528081418 0.0010306728232189974 0.2830757632868451 0.029064973614775724 0.2227666792310592 0.03689808707124011 0.2193742932529212 0.04534960422163588 0.22879758763663777 0.04967843007915567 0.2423671315491896 0.043494393139841686 0.2597059932152281 0.0074208443271767816 0.33961552958914437 0.00041226912928759896 0.34866189219751226 0.0006184036939313984 0.18884281944967962
1 0.1966523746701847 0.18431963814549565 0.19871372031662268 0.20241236336223145 0.19891985488126648 0.22088202035431587 0.1898499340369393 0.26912928759894456 0.18222295514511871 0.31813041839427064 0.17913093667546173 0.34451564266867696 0.18325362796833772 0.3675084809649453 0.1935603562005277 0.3803241613267998 0.20654683377308708 0.392385978137957 0.21479221635883902 0.3837165473049378 0.2339627308707124 0.33396155295891444 0.25024736147757254 0.2868450810403317 0.25107189973614774 0.27742178665661515 0.234375 0.25857519788918204 0.22963390501319264 0.25669053901243877 0.22015171503957784 0.2834526950621937 0.20716523746701845 0.31926121372031663 0.21066952506596306 0.29174519411986427 0.22118238786279684 0.238597813795703 0.22716029023746703 0.2156049754994346 0.22984003957783644 0.18884281944967962 0.2310768469656992 0.17979645684131174
1 0.4027618501529052 0.16994320664045434 0.4113627675840979 0.17868064657055482 0.41494648318042826 0.19790301441677588 0.41303516819571867 0.21625163826998692 0.40515099388379217 0.2822193097422455 0.4006116207951071 0.3132372214941022 0.40156727828746186 0.33245958934032327 0.4118405963302753 0.3521188291830494 0.43286506116207957 0.3796417649628659 0.44242163608562696 0.37614678899082565 0.48638188073394506 0.2804718217562254 0.48733753822629977 0.26605504587155965 0.47324159021406736 0.2468326780253386 0.4651185015290521 0.24595893403232855 0.4517392966360857 0.27741371778069024 0.43764334862385323 0.3110528615115771 0.42521980122324166 0.33857579729139364 0.42211391437308876 0.3442551332459589 0.41996368501529063 0.3346439493228484 0.4276089449541285 0.2809086937527305 0.43501529051987775 0.22892092616863258 0.4421827217125383 0.2040192223678462 0.4440940366972478 0.18435998252512015 0.4495890672782875 0.16950633464394932
1 0.6266246177370032 0.16120576671035386 0.6333142201834863 0.1690694626474443 0.6390481651376148 0.1782437745740498 0.6402427370030581 0.2092616863259065 0.6373757645259939 0.25906509392747923 0.6354644495412844 0.2961992136304063 0.6357033639143731 0.31411096548711226 0.6490825688073395 0.346002621231979 0.6584002293577982 0.3621668851026649 0.6770355504587157 0.3822629969418961 0.6880256116207952 0.38663171690694625 0.6985378440366973 0.37745740498034075 0.7181288226299695 0.34076015727391873 0.7365252293577982 0.30493665356050675 0.7467985474006117 0.28134556574923547 0.7451261467889909 0.27173438182612497 0.7370030581039756 0.2560069899519441 0.7317469418960245 0.25076452599388377 0.72529625382263 0.2608125819134993 0.6990156727828747 0.3128003494975972 0.6868310397553518 0.33726518130187855 0.676079892966361 0.3490607252075142 0.6672400611620796 0.3438182612494539 0.6540997706422018 0.3294014853647881 0.6533830275229359 0.3149847094801223 0.6574445718654436 0.2581913499344692 0.6607893730886851 0.20707732634338136 0.6648509174311927 0.17868064657055482 0.6648509174311927 0.16164263870685888 0.6703459480122325 0.15203145478374835
1 0.8844132262996942 0.1598951507208388 0.8942087155963302 0.1690694626474443 0.8992259174311925 0.18610747051114024 0.8994648318042813 0.21494102228047182 0.8932530581039755 0.2874617737003058 0.8903860856269112 0.3254696373962429 0.8942087155963302 0.3534294451725644 0.9042431192660549 0.381826124945391 0.9152331804281346 0.4076015727391874 0.9288512996941896 0.4228920926168632 0.9396024464831804 0.4172127566622979 0.9529816513761468 0.4036697247706422 0.9716169724770642 0.37439930100480556 0.9928803516819572 0.33551769331585846 0.9938360091743119 0.327217125382263 0.9838016055045872 0.310179117518567 0.9780676605504587 0.3053735255570118 0.9697056574923547 0.31673219746614245 0.9391246177370031 0.3713411970292704 0.9257454128440367 0.3870685889034513 0.9200114678899082 0.3892529488859764 0.90878249235474 0.3564875491480996 0.908065749235474 0.33770205329838354 0.9166666666666666 0.24071647007426825 0.9178612385321101 0.1944080384447357 0.9228784403669724 0.17169069462647443 0.9288512996941896 0.16076889471384884
2 0.02503822629969423 0.2306684141546527 0.04462920489296641 0.2595019659239843 0.05131880733944958 0.24115334207077324 0.033639143730886896 0.21319353429445173
2 0.22262041284403672 0.27522935779816515 0.24675076452599393 0.30318916557448666 0.25344036697247707 0.27741371778069024 0.22931001529051992 0.25207514198339886
2 0.4572343272171254 0.2625600698995194 0.4811257645259939 0.291393621668851 0.49163799694189614 0.26605504587155965 0.4670298165137615 0.23896898208824813
2 0.7214736238532111 0.26823940585408473 0.7405867737003059 0.29838357361293144 0.7496655198776759 0.2769768457841852 0.7315080275229359 0.24508519003931845
2 0.96875 0.31542158147662736 0.9742450305810397 0.327217125382263 0.9881020642201834 0.34512887723896896 0.9959862385321101 0.3254696373962429 0.9792622324159022 0.30144167758846657
3 0.1786601681957187 0.34643949322848405 0.18511085626911322 0.3704674530362604 0.1949063455657493 0.3796417649628659 0.20637423547400613 0.3918741808650066 0.2147362385321101 0.3831367409349061 0.1949063455657493 0.36478811708169506 0.19729548929663615 0.3490607252075142
3 0.41996368501529063 0.3350808213193534 0.41279625382263 0.33726518130187855 0.4104071100917432 0.3473132372214941 0.41637996941896027 0.35736129314110965 0.4235474006116209 0.36697247706422015 0.43119266055045874 0.380952380952381 0.43836009174311935 0.37920489296636084 0.44242163608562696 0.37483617300131067 0.42641437308868513 0.3516819571865443 0.4209193425076453 0.3411970292704238
3 0.6672400611620796 0.3438182612494539 0.6619839449541285 0.3551769331585845 0.663178516819572 0.36784622105723025 0.6713016055045873 0.37702053298383575 0.6803803516819572 0.38444735692442117 0.6892201834862386 0.38488422892092616 0.6968654434250765 0.3796417649628659 0.6875477828746178 0.35561380515508956 0.6842029816513763 0.3420707732634338 0.6799025229357799 0.3473132372214941 0.6722572629969419 0.3473132372214941
3 0.9169055810397554 0.381389252948886 0.9097381498470949 0.3923110528615116 0.9140386085626911 0.4032328527741372 0.9207282110091743 0.4110965487112276 0.9286123853211009 0.42332896461336833 0.9353019877675841 0.42027086063783314 0.9257454128440367 0.4006116207951071 0.9262232415902141 0.3875054608999563 0.9221616972477064 0.3905635648754915 0.9183390672782874 0.38663171690694625
