0 0.000968992248062029 0.4950166112956811 0.19416182170542637 0.47951273532668887 0.6332364341085271 0.4562569213732004 0.9172722868217054 0.45071982281284606 0.9990310077519379 0.45182724252491696 0.998425387596899 0.5891472868217055 0.7967538759689923 0.5858250276854928 0.5187742248062015 0.5869324473975637 0.15358527131782948 0.6013289036544851 0.0 0.6090382819794584
1 0.0013412017167381974 0.8969957081545064 0.007376609442060085 0.9117106069895768 0.011735515021459227 0.9417535254445126 0.009053111587982832 0.9509503372164316 0.0016765021459227466 0.9540159411404047
1 0.09556062231759657 0.6069895769466584 0.12339055793991416 0.6443899448191294 0.1304318669527897 0.6652360515021459 0.1569206008583691 0.8326180257510729 0.1820681330472103 0.9650521152667076 0.18743293991416307 0.9748620478234212 0.2095627682403433 0.9595340282035562 0.2078862660944206 0.9435928877988964 0.20755096566523604 0.9104843654199877 0.20285675965665234 0.9006744328632741 0.19749195278969955 0.9025137952176578 0.18005633047210298 0.8080931943592887 0.15457349785407726 0.6443899448191294 0.1542381974248927 0.6002452483139178
1 0.3114940987124463 0.5959534028203556 0.31887070815450647 0.6094420600858369 0.3262473175965665 0.6462293071735131 0.3312768240343348 0.6640098099325566 0.35810085836909866 0.8546903740036788 0.37318937768240346 0.9166155732679339 0.3929721030042918 0.9895769466584917 0.4013546137339056 0.9981606376456162 0.4251609442060086 0.9840588595953402 0.4348846566523605 0.9558553034947884 0.4322022532188841 0.9417535254445126 0.4244903433476395 0.9435928877988964 0.4134254291845494 0.9540159411404047 0.40873122317596566 0.9435928877988964 0.3866013948497854 0.8546903740036788 0.3798953862660944 0.8240343347639485 0.3674892703862661 0.7259350091968118 0.35910675965665234 0.645003065603924 0.35709495708154504 0.6033108522378908 0.36178916309012876 0.5898221949724095
1 0.5894581545064377 0.5861434702636419 0.6021995708154506 0.5965665236051502 0.6099114806866953 0.6210913549969344 0.6192998927038627 0.6413243408951563 0.625 0.6535867565910484 0.6283530042918455 0.7001839362354384 0.6327119098712446 0.7700797057020233 0.6390826180257511 0.8252605763335377 0.6481357296137339 0.8902513795217658 0.6625536480686696 0.9368485591661557 0.6729479613733905 0.9705702023298589 0.6830481377271482 0.9985714285714286 0.7188841201716738 0.9985714285714286 0.7390021459227467 0.9570815450643777 0.7386668454935622 0.9448191293684854 0.734307939914163 0.9405272838749233 0.7289431330472103 0.9429797670141017 0.7219018240343347 0.9491109748620479 0.7048015021459227 0.988963825873697 0.6980954935622317 0.9822194972409565 0.6900482832618026 0.9607602697731452 0.6722773605150214 0.9110974862047824 0.6568535407725322 0.8393623543838136 0.6491416309012875 0.7522992029429798 0.6454533261802575 0.668301655426119 0.6464592274678111 0.6333537706928265 0.6478004291845493 0.5849172286940527
1 0.8821754291845494 0.5879828326180258 0.8861990343347639 0.6118945432250154 0.8945815450643776 0.6443899448191294 0.8982698497854077 0.6725935009196812 0.9019581545064378 0.7087676272225628 0.9086641630901287 0.8706315144083385 0.914364270386266 0.9025137952176578 0.9294527896995708 0.9521765787860209 0.9454773266320308 0.9985714285714286 0.9686829399141631 0.9985714285714286 0.998524678111588 0.9985714285714286 0.9988599785407726 0.9865113427345187 0.9914833690987124 0.9981606376456162 0.9663358369098711 0.9957081545064377 0.9505767167381973 0.9583077866339669 0.9328057939914164 0.9043531575720416 0.9230820815450643 0.8632740649908031 0.9210702789699571 0.786020846106683 0.9190584763948497 0.7259350091968118 0.9190584763948497 0.6548129981606376 0.9240879828326181 0.6443899448191294 0.9297880901287554 0.6333537706928265 0.9348175965665236 0.6125076640098099 0.9348175965665236 0.6002452483139178 0.940517703862661 0.5885959534028203
2 0.0 0.9215291750503019 0.008527728873239437 0.909456740442656 0.0005501760563380282 0.8968812877263581 0.0011003521126760564 0.8963782696177063
2 0.18430897887323944 0.9124748490945674 0.2024647887323944 0.8983903420523139 0.2085167253521127 0.9109657947686116 0.20824163732394366 0.9230382293762577 0.1834837147887324 0.9396378269617706 0.1777068661971831 0.9330985915492959 0.17853213028169015 0.9195171026156943
2 0.4131822183098592 0.9522132796780685 0.4049295774647888 0.9642857142857143 0.41015625 0.9793762575452718 0.4349141725352113 0.9582494969818914 0.4321632922535212 0.9421529175050302 0.4241857394366197 0.9431589537223339
2 0.7185299295774648 0.9612676056338028 0.7256822183098592 0.9698189134808853 0.7402618838028169 0.9592555331991952 0.7388864436619719 0.9451710261569417 0.7342099471830986 0.9391348088531187 0.721005721830986 0.9486921529175051
3 0.18375880281690143 0.9637826961770624 0.20741637323943665 0.9481891348088533 0.2087918133802817 0.9622736418511068 0.18788512323943662 0.9738430583501007
3 0.3867737676056338 0.9698189134808853 0.39502640845070425 0.9889336016096579 0.4002530809859155 0.9979879275653925 0.4250110035211268 0.983400402414487 0.4041043133802817 0.983400402414487 0.39887764084507044 0.977867203219316 0.4115316901408451 0.9562374245472838
3 0.6978983274647887 0.9813883299798793 0.6844190140845071 0.9964788732394366 0.7034000880281691 0.9984909456740443 0.7182548415492958 0.9979879275653925 0.702849911971831 0.9939637826961771
