0 0.003997093023255827 0.06755260243632337 0.1384447674418605 0.1107419712070875 0.28621608527131787 0.15614617940199335 0.45215600775193804 0.20487264673311184 0.6877422480620156 0.29235880398671094 0.8427810077519379 0.3543743078626799 0.9990310077519379 0.42303433001107416 0.9990310077519379 0.5902547065337763 0.8088662790697674 0.5071982281284607 0.6374757751937985 0.4341085271317829 0.5690406976744187 0.40863787375415284 0.41400193798449614 0.3532668881506091 0.2571463178294574 0.30564784053156147 0.1293604651162791 0.2646733111849391 0.0 0.2237753697436375
1 0.0011861910994764768 0.49738219895287955 0.016729384816753963 0.5512341062079282 0.03472676701570684 0.5961106955871354 0.05436027486910998 0.6402393418100224 0.06663121727748694 0.6163051608077786 0.08258344240837699 0.569184741959611 0.08749181937172779 0.5572176514584891 0.11244273560209425 0.5287958115183246 0.11857820680628275 0.5340314136125653 0.11816917539267018 0.550486163051608 0.08871891361256548 0.6230366492146596 0.07522087696335082 0.6581899775617053 0.04536158376963354 0.6948391922213911 0.03431773560209427 0.6955871353777112 0.02409195026178014 0.6896035901271502 0.0007771596858639115 0.6364996260284218
1 0.1877045157068063 0.2827225130890052 0.19547611256544503 0.2902019446522064 0.20120255235602097 0.31862378459237095 0.20406577225130892 0.35751682872101714 0.20651996073298431 0.4098728496634256 0.20897414921465973 0.5617053103964098 0.20897414921465973 0.5901271503365744 0.21756380890052357 0.6424831712789827 0.23351603403141366 0.6866118175018698 0.24783213350785344 0.7262528047868361 0.26501145287958117 0.7673896783844428 0.2772823952879581 0.7823485415108451 0.285872054973822 0.7845923709798054 0.3194126308900524 0.7576664173522811 0.3689054319371728 0.6245325355272998 0.36686027486911 0.6140613313388182 0.363997054973822 0.6103216155572175 0.34231839005235604 0.6447270007479431 0.33495582460732987 0.6604338070306657 0.30550556282722513 0.7270007479431563 0.2977339659685864 0.7262528047868361 0.2895533376963351 0.7150336574420343 0.2707378926701571 0.6738967838444279 0.25151341623036655 0.6200448765893791 0.24619600785340318 0.5961106955871354 0.24087859947643983 0.5512341062079282 0.23883344240837698 0.3275991024682124 0.25683082460732987 0.3029169783096484
1 0.48588841623036644 0.381451009723261 0.4924329188481675 0.3994016454749439 0.5018406413612565 0.4218399401645475 0.5071580497382199 0.43006731488406874 0.49447807591623033 0.6634255796559461 0.4924329188481675 0.7157816005983545 0.4973412958115183 0.7561705310396408 0.5075670811518325 0.7965594614809274 0.5235193062827225 0.8459237097980552 0.5378354057591623 0.8833208676140614 0.5505153795811518 0.8952879581151832 0.5681037303664922 0.888556469708302 0.6380481020942408 0.7883320867614061 0.6421384162303665 0.7733732236350037 0.6507280759162304 0.7389678384442783 0.6474558246073298 0.7299925205684368 0.6339577879581151 0.7397157816005984 0.5803746727748691 0.8279730740463724 0.5693308246073298 0.8354525056095735 0.5578779450261779 0.8324607329842932 0.548470222513089 0.8160059835452506 0.5239283376963351 0.7427075542258788 0.5161567408376964 0.7023186237845923 0.514520615183246 0.6641735228122662 0.5292457460732984 0.45474943904263276 0.5382444371727748 0.4360508601346297 0.5501063481675392 0.42782348541510845 0.5562418193717277 0.42333582647718765 0.5676946989528796 0.4046372475691847
1 0.8131135471204187 0.5048616305160808 0.8192490183246072 0.5287958115183246 0.8176128926701571 0.5632011967090501 0.7865265052356021 0.8115183246073298 0.7848903795811518 0.8451757666417352 0.7926619764397905 0.8975317875841434 0.8073871073298429 0.9461480927449514 0.829883835078534 0.9970082273747195 0.8691508507853403 0.9970082273747195 0.9350049083769634 0.8960359012715033 0.9431855366492146 0.8825729244577412 0.9431855366492146 0.8376963350785339 0.9374590968586387 0.8324607329842932 0.9255971858638743 0.843679880329095 0.8785585732984293 0.9207180254300673 0.8638334424083769 0.9454001495886313 0.855243782722513 0.9498878085265519 0.8405186518324607 0.9454001495886313 0.8286567408376962 0.9267015706806282 0.8163857984293192 0.8825729244577412 0.80534195026178 0.8406881077038144 0.8061600130890051 0.7898279730740464 0.8319289921465968 0.5901271503365744 0.8499263743455497 0.5646970830216903 0.8781495418848166 0.5474943904263275 0.9002372382198953 0.537771129394166
2 0.07808883101851856 0.5787037037037036 0.08821614583333337 0.5932539682539683 0.1138961226851852 0.5654761904761905 0.11895978009259263 0.5509259259259258 0.11968315972222225 0.533068783068783 0.11244936342592596 0.5284391534391534
2 0.3345269097222222 0.662037037037037 0.3432074652777778 0.673941798941799 0.3508029513888889 0.673941798941799 0.36888744212962965 0.6236772486772486 0.36563223379629634 0.6117724867724867 0.3612919560185185 0.6097883597883598
2 0.6246021412037036 0.7539682539682538 0.6166449652777778 0.7903439153439152 0.6238787615740741 0.8055555555555555 0.637622974537037 0.791005291005291 0.6412398726851851 0.7757936507936508 0.6520905671296295 0.7374338624338624 0.647388599537037 0.7301587301587301 0.6329210069444444 0.7387566137566136
2 0.9204644097222221 0.8558201058201057 0.9175708912037036 0.8908730158730158 0.9262514467592592 0.9100529100529099 0.9443359375 0.8829365079365079 0.9443359375 0.8346560846560847 0.9360170717592592 0.8293650793650793 0.9251663773148147 0.8406084656084655
3 0.048791956018518545 0.6355820105820106 0.02419704861111114 0.6613756613756613 0.01804832175925929 0.6732804232804233 0.02709056712962966 0.6931216931216931 0.03974971064814818 0.69510582010582 0.053132233796296335 0.6884920634920634 0.07808883101851856 0.6587301587301587 0.05855758101851856 0.6679894179894179 0.05349392361111115 0.6501322751322751 0.056025752314814846 0.6415343915343914
3 0.28859230324074076 0.7162698412698413 0.2683376736111111 0.7387566137566136 0.2607421875 0.7612433862433862 0.26797598379629634 0.7698412698412697 0.2773799189814815 0.7824074074074073 0.28533709490740744 0.7857142857142857 0.2958260995370371 0.7764550264550264 0.3215060763888889 0.7585978835978835 0.30595341435185186 0.7572751322751323 0.29908130787037035 0.7354497354497354 0.2954644097222222 0.7195767195767195
3 0.549732349537037 0.8220899470899471 0.5381582754629629 0.8571428571428571 0.5323712384259258 0.8697089947089948 0.5406901041666666 0.8882275132275131 0.5511791087962963 0.8968253968253967 0.5660083912037036 0.8908730158730158 0.5746889467592593 0.8829365079365079 0.5837311921296295 0.8657407407407407 0.5779441550925926 0.8485449735449735 0.5833695023148148 0.8273809523809523 0.5761357060185185 0.8359788359788358 0.5685402199074073 0.8373015873015872 0.5616681134259258 0.8373015873015872 0.5551576967592593 0.8280423280423279
3 0.8358289930555556 0.9384920634920635 0.8343822337962962 0.9821428571428571 0.8285951967592592 0.9953703703703703 0.870189525462963 0.9966931216931216 0.879955150462963 0.9801587301587301 0.8727213541666666 0.9662698412698412 0.8712745949074072 0.9358465608465607 0.864040798611111 0.9484126984126983 0.8586154513888887 0.9503968253968254 0.8492115162037036 0.9503968253968254 0.8434244791666666 0.9444444444444444
