0 0.0021802325581395483 0.5459579180509413 0.2123304263565892 0.24806201550387597 0.35101744186046513 0.05758582502768549 0.39280523255813954 0.0 0.502422480620155 0.00221483942414175 0.2868217054263566 0.2812846068660022 0.1475290697674419 0.4684385382059801 0.000968992248062029 0.6699889258028793
1 0.029523982558139532 0.6308139534883721 0.024527616279069766 0.6441029900332226 0.013172238372093022 0.6640365448504983 0.010901162790697675 0.7416943521594683 0.0061319040697674415 0.8081395348837208 0.0006813226744186047 0.8226744186046512 0.0 0.6623754152823921
1 0.1628361191860465 0.44269102990033227 0.1646529796511628 0.4597176079734219 0.16192768895348836 0.47632890365448505 0.15783975290697674 0.4900332225913621 0.1535247093023256 0.5506644518272426 0.15193495639534885 0.5921926910299004 0.1503452034883721 0.6283222591362126 0.1476199127906977 0.6374584717607974 0.13194949127906977 0.6303986710963455 0.13035973837209303 0.6233388704318936 0.13444767441860467 0.5124584717607974 0.13671875 0.5016611295681064 0.14103379360465115 0.49958471760797346 0.14148800872093023 0.4825581395348837 0.13717296511627908 0.4759136212624585 0.13126816860465115 0.4584717607973422
1 0.26299055232558144 0.2616279069767442 0.2641260901162791 0.2786544850498339 0.267078488372093 0.2902823920265781 0.2691224563953488 0.31976744186046513 0.27207485465116277 0.4024086378737542 0.27525436046511625 0.42981727574750833 0.2854742005813954 0.43438538205980065 0.29387718023255816 0.42981727574750833 0.2956940406976744 0.41362126245847175 0.29433139534883723 0.287375415282392 0.29115188953488375 0.27906976744186046 0.29001635174418605 0.2774086378737542 0.2945585029069767 0.24169435215946847 0.29001635174418605 0.2275747508305648
1 0.4430868459302325 0.026993355481727575 0.4489916424418604 0.04609634551495017 0.4535337936046512 0.07433554817275748 0.4567132994186046 0.12583056478405316 0.4596656976744186 0.15614617940199335 0.4644349563953488 0.1802325581395349 0.4744276889534884 0.18646179401993354 0.4889625726744186 0.1856312292358804 0.4969113372093023 0.17649501661129569 0.5025890261627908 0.14991694352159468 0.5021348110465117 0.06727574750830564 0.500999273255814 0.004568106312292358 0.4791969476744186 0.0012458471760797341 0.4755632267441861 0.022009966777408636 0.47601744186046513 0.05232558139534883 0.4762445494186046 0.0967607973421927 0.4723837209302325 0.057308970099667775 0.47124818313953487 0.031146179401993355 0.4719295058139535 0.00415282392026578
2 0.13484151329243355 0.521180251241601 0.15385352760736198 0.5249780893952674 0.15273517382413088 0.5086181711948583 0.14778246421267896 0.5010224948875256 0.14011375255623723 0.4998539293017821 0.13468174846625766 0.5042360502483202
2 0.2888548057259714 0.278118609406953 0.2816653885480573 0.2766579024247736 0.2747955010224949 0.2813321647677476 0.27048185071574643 0.29155711364300324 0.2708013803680982 0.3049956178790535 0.27767126789366053 0.3041191936897459 0.2942868098159509 0.2971078001752848 0.2947661042944786 0.287467134092901
2 0.4757796523517383 0.02337131171487 0.48296906952965235 0.024539877300613498 0.5019810838445808 0.021034180543382998 0.5008627300613497 0.0035056967572304996 0.4914366053169735 0.001460706982179375 0.47913471370143157 0.0008764241893076249
3 0.1303680981595092 0.6149576394975168 0.1516168200408998 0.6187554776511832 0.15033870143149286 0.6304411335086182 0.14730316973415133 0.637744668419515 0.13116692229038857 0.63102541630149 0.12956927402862986 0.6222611744084137
3 0.27335761758691207 0.4110429447852761 0.2754345603271984 0.4268185801928134 0.2813458588957055 0.4326614081215308 0.2872571574642127 0.4326614081215308 0.29316845603271985 0.42973999415717207 0.29460633946830267 0.4180543382997371 0.278310327198364 0.41250365176745546 0.27703220858895705 0.40198656149576395 0.2730380879345603 0.4104586619924044
3 0.45932387525562374 0.15132924335378323 0.4629984662576687 0.17031843412211511 0.46635352760736193 0.18171194858311424 0.4740222392638037 0.18638621092608823 0.48392765848670755 0.18697049371896 0.49239519427402867 0.1858019281332165 0.49814672801635995 0.17294770669003798 0.5003834355828222 0.16184633362547474 0.48073236196319025 0.16067776803973124 0.4740222392638037 0.14811568799298863 0.47498082822085896 0.13613789073911775
