0 0.9990310077519379 0.3156146179401993 0.9972141472868217 0.26245847176079734 0.9929748062015502 0.2292358803986711 0.9626937984496123 0.18604651162790697 0.9439195736434108 0.1672203765227021 0.9100048449612401 0.15614617940199335 0.3411228027077192 2.0301221021717148e-17 0.0003633720930232693 0.00221483942414175 0.0003633720930232693 0.040974529346622365 0.12693798449612406 0.05980066445182724 0.34132751937984496 0.10631229235880399 0.5641957364341085 0.15503875968992248 0.7325581395348837 0.19712070874861573 0.9190891472868217 0.24916943521594684 0.9475532945736432 0.2768549280177187 0.9542151162790697 0.31118493909191586
1 0.7607966738197425 0.20171673819742492 0.7852736051502146 0.2550582464745555 0.7866148068669527 0.2709993868792152 0.7658261802575107 0.3703249540159412 0.761131974248927 0.39914163090128757 0.757443669527897 0.4279583077866339 0.7631437768240343 0.47455548743102394 0.7822559012875536 0.5487431023911711 0.7976797210300429 0.5567136725935009 0.8231625536480687 0.5450643776824033 0.8597103004291846 0.5187001839362354 0.8597103004291846 0.5058246474555487 0.8526689914163089 0.5009196811771919 0.7986856223175965 0.5377069282648681 0.7926502145922747 0.5309625996321276 0.781920600858369 0.5015328019619866 0.7721968884120172 0.4475781729000613 0.7721968884120172 0.41630901287553645 0.7882913090128756 0.3298589822194973 0.8000268240343347 0.2716125076640098 0.8010327253218884 0.24463519313304719 0.8285273605150214 0.21581851624770076
1 0.5394983905579399 0.14776210913549967 0.5633047210300429 0.1912936848559166 0.5649812231759657 0.21704475781729002 0.5626341201716738 0.3243408951563458 0.564645922746781 0.3966891477621091 0.5733637339055794 0.43408951563458004 0.5881169527896996 0.4641324340895156 0.6032054721030042 0.49356223175965663 0.6149409871244635 0.5064377682403434 0.6333825107296137 0.5076640098099325 0.6431062231759657 0.4917228694052728 0.6612124463519313 0.4616799509503372 0.679318669527897 0.43225015328019617 0.6836775751072961 0.41508277130594723 0.6783127682403434 0.4114040465971796 0.6702655579399142 0.40649908031882276 0.6602065450643777 0.42244022072348253 0.6263412017167382 0.48559166155732675 0.6199704935622317 0.4862047823421214 0.6122585836909871 0.47148988350705084 0.5884522532188841 0.4230533415082771 0.5814109442060086 0.39546290619251995 0.5807403433476395 0.36971183323114654 0.5817462446351931 0.29123237277743713 0.5857698497854077 0.19987737584304105 0.5861051502145923 0.1741263028816677 0.594487660944206 0.15634580012262414
1 0.30612929184549353 0.0956468424279583 0.3138412017167382 0.11771919068056408 0.32121781115879827 0.15144083384426732 0.3232296137339056 0.1863887185775598 0.32021190987124465 0.246474555487431 0.31719420600858367 0.3323114653586757 0.31954130901287553 0.36971183323114654 0.329600321888412 0.4101778050275904 0.3530713519313305 0.4721030042918455 0.36614806866952787 0.48927038626609437 0.3912956008583691 0.48313917841814835 0.4385729613733905 0.4071122011036174 0.43387875536480686 0.39546290619251995 0.4191255364806866 0.3973022685469037 0.37687768240343344 0.46658491722869405 0.3718481759656652 0.45738810545677494 0.34435354077253216 0.38442673206621697 0.3396593347639485 0.35806253832004903 0.3403299356223176 0.31820968730839977 0.34938304721030045 0.137952176578786 0.35910675965665234 0.10484365419987737
1 0.0006706008583690987 0.034334763948497854 0.008047210300429184 0.04904966278356836 0.019447424892703864 0.07541385652973635 0.025482832618025753 0.10361741263028816 0.026488733905579397 0.15757204169221337 0.02615343347639485 0.29491109748620475 0.029841738197424895 0.32127529123237275 0.03487124463519313 0.3482526057633354 0.05130096566523605 0.3948497854077253 0.06940718884120171 0.4359288779889638 0.08114270386266094 0.4488044144696505 0.10561963519313304 0.4488044144696505 0.1384790772532189 0.39791538933169834 0.1616148068669528 0.35806253832004903 0.15658530042918456 0.34702636419374616 0.13948497854077252 0.34702636419374616 0.13412017167381973 0.3537706928264868 0.09086641630901288 0.424892703862661 0.08248390557939914 0.4089515634580012 0.055995171673819746 0.328632740649908 0.053312768240343346 0.3059472716125077 0.05431866952789699 0.22930717351318208 0.05666577253218884 0.08890251379521766 0.05666577253218884 0.06560392397302268 0.06638948497854077 0.0404659717964439
2 0.13076716738197425 0.3605150214592274 0.13780847639484978 0.37155119558553035 0.1582618025751073 0.3684855916615573 0.162956008583691 0.35806253832004903 0.1569206008583691 0.34702636419374616 0.13982027896995708 0.3482526057633354 0.13479077253218882 0.3525444512568976
2 0.4120842274678111 0.410790925812385 0.421137339055794 0.4169221336603311 0.43555525751072965 0.41446965052115264 0.43790236051502146 0.407725321888412 0.4342140557939914 0.3930104230533415 0.4197961373390558 0.3936235438381361
2 0.6628889484978541 0.41814837522992027 0.6692596566523605 0.42918454935622313 0.6806598712446352 0.431023911710607 0.6840128755364806 0.41446965052115264 0.6773068669527896 0.4071122011036174 0.6685890557939914 0.40649908031882276 0.6628889484978541 0.41569589209074187
2 0.8523224708171206 0.5025013896609227 0.8474586575875487 0.5052807115063924 0.8474586575875487 0.5180655919955531 0.851714494163424 0.5202890494719289 0.8617461089494164 0.5208449138410228 0.861442120622568 0.5058365758754864
3 0.7933487354085603 0.5297387437465259 0.7817971789883268 0.5403001667593108 0.7912208171206225 0.5530850472484714 0.8012524319066149 0.5541967759866593 0.8012524319066149 0.538076709282935
3 0.6188594357976653 0.4830461367426348 0.6091318093385214 0.49916620344635915 0.6179474708171206 0.5058365758754864 0.6304109922178988 0.5052807115063924 0.635578793774319 0.5019455252918289 0.6249392023346303 0.48693718732629243
3 0.3714129377431907 0.45636464702612567 0.3598613813229572 0.4635908838243469 0.35651750972762647 0.4741523068371318 0.36624513618677046 0.4874930516953863 0.3765807392996109 0.4863813229571985 0.3914761673151751 0.48249027237354086 0.3723249027237354 0.46859366314619233 0.3714129377431907 0.4541411895497499
3 0.08658854166666671 0.41437728937728935 0.07231570512820516 0.4194139194139194 0.06780849358974363 0.43360805860805857 0.07957732371794876 0.4468864468864469 0.09034455128205132 0.445970695970696 0.10436698717948723 0.4436813186813187 0.11162860576923081 0.44322344322344315 0.09610376602564105 0.4358974358974359 0.08683894230769235 0.4262820512820513
