0 0.0003633720930232693 0.21816168327796237 0.2601744186046512 0.1904761904761905 0.4315649224806202 0.17054263565891473 0.6835029069767442 0.14950166112956811 0.9184835271317828 0.141749723145072 0.99921875 0.1439368360608671 0.9990310077519379 0.0033222591362126242 0.0003633720930232693 0.0011074197120708748
1 0.00020613456464379948 0.8156803618545042 0.01566622691292876 0.8469656992084432 0.026797493403693935 0.8563889935921598 0.04370052770448549 0.8288729739917075 0.06884894459102903 0.7968337730870713 0.078125 0.8006030908405578 0.0783311345646438 0.8104033169996231 0.07503298153034302 0.8224651338107802 0.04638027704485488 0.8594044477949492 0.03339379947229552 0.8808895589898228 0.01587236147757256 0.9038823972860912 0.0041226912928759895 0.9136826234451564 0.00020613456464379948 0.9110441010177158
1 0.27284861809045224 0.19095477386934676 0.2932631909547739 0.2239770279971285 0.3089667085427136 0.2770997846374731 0.31917399497487436 0.3273510409188801 0.3274183417085427 0.4192390524048816 0.3415515075376884 0.5534816941852118 0.3486180904522613 0.6066044508255564 0.36667713567839194 0.6633165829145728 0.39533605527638194 0.715721464465183 0.42320979899497485 0.7702799712849965 0.44323178391959794 0.8054558506819813 0.45893530150753764 0.8147882268485285 0.4864164572864322 0.7968413496051687 0.5449120603015076 0.7207465900933238 0.5590452261306533 0.6834170854271358 0.5535489949748744 0.6704953338119167 0.5441268844221105 0.678391959798995 0.48170540201005024 0.7523330940416367 0.46757223618090454 0.7537688442211056 0.45029836683417085 0.7329504666188082 0.3925879396984925 0.6216798277099785 0.3788473618090452 0.5843503230437903 0.3694252512562814 0.5305096913137114 0.3572550251256281 0.3675520459440057 0.35215138190954776 0.25915290739411345 0.35097361809045224 0.20531227566403445 0.3678548994974874 0.1722900215362527
1 0.8024497487437185 0.14572864321608042 0.8201162060301508 0.19310839913854988 0.8322864321608041 0.23402727925340988 0.8342493718592966 0.2699210337401292 0.8311086683417086 0.32519741564967697 0.8260050251256281 0.36180904522613067 0.8189384422110553 0.42498205312275666 0.8079459798994975 0.5061019382627423 0.8032349246231156 0.5585068198133525 0.807553391959799 0.6073223259152907 0.8260050251256281 0.6963388370423547 0.8421011306532664 0.7595118449389806 0.8578046482412061 0.7875089734386217 0.8727229899497487 0.791816223977028 0.9579145728643216 0.782483847810481 0.9669440954773869 0.7674084709260589 0.9744032663316583 0.7458722182340273 0.968514447236181 0.7293610911701365 0.9488850502512562 0.7336683417085427 0.8782192211055276 0.7451543431442929 0.8648712311557789 0.7300789662598708 0.8542713567839195 0.7027997128499641 0.8358197236180904 0.6087580760947595 0.8248272613065326 0.5412778176597273 0.8295383165829145 0.4874371859296482 0.8491677135678393 0.36252692031586503 0.8570194723618091 0.29361091170136394 0.8613379396984925 0.2383345297918162 0.8739007537688442 0.21392677674084712 0.8821451005025125 0.17946877243359655 0.8868561557788945 0.1557788944723618 0.9005967336683417 0.14213926776740846
2 0.03454773869346734 0.8442211055276382 0.04357726130653266 0.8636037329504666 0.07498429648241206 0.8226848528356066 0.078125 0.8054558506819813 0.07891017587939698 0.7961234745154343 0.06831030150753768 0.7961234745154343 0.04239949748743719 0.8241206030150754
2 0.5331344221105527 0.6927494615936827 0.5182160804020101 0.7264895908111989 0.5264604271356783 0.7430007178750897 0.5453046482412061 0.7229002153625269 0.5594378140703518 0.6819813352476669 0.5523712311557789 0.6676238334529793 0.5409861809045226 0.6805455850681982
2 0.9583071608040201 0.7329504666188082 0.9453517587939698 0.7595118449389806 0.9469221105527638 0.7853553481694185 0.963803391959799 0.7781765972720748 0.9759736180904521 0.7430007178750897 0.9704773869346734 0.7300789662598708
3 0.01727386934673367 0.851399856424982 0.0 0.8779612347451543 0.0 0.9102656137832017 0.006673994974874371 0.9124192390524049 0.0208071608040201 0.899497487437186 0.02551821608040201 0.8621679827709978
3 0.46443153266331655 0.7501794687724336 0.44558731155778897 0.7796123474515434 0.4428391959798995 0.8018664752333095 0.4577575376884422 0.8133524766690595 0.47385364321608037 0.804737975592247 0.4707129396984925 0.7767408470926058 0.4750314070351759 0.7566403445800431
3 0.8660489949748744 0.728643216080402 0.8475973618090451 0.7501794687724336 0.8428863065326633 0.7645369705671213 0.8546639447236182 0.7846374730796841 0.8695822864321607 0.7889447236180904 0.8695822864321607 0.7688442211055275 0.8782192211055276 0.7458722182340273
