0 0.000968992248062029 0.04318936877076412 0.406734496124031 0.11627906976744187 0.7265019379844961 0.17829457364341086 0.99921875 0.2435323742243765 0.99921875 0.3499446290143965 0.8118943798449612 0.3034330011074197 0.3649467054263566 0.2203765227021041 -4.4408920985006264e-17 0.16614895254256587
1 0.12451550387596902 0.18715393133997785 0.13541666666666669 0.22259136212624586 0.14207848837209305 0.26578073089700993 0.1408672480620155 0.49280177187153934 0.15297965116279072 0.5603543743078627 0.17962693798449614 0.6345514950166113 0.1935562015503876 0.6589147286821705 0.2238372093023256 0.6511627906976744 0.2716812015503876 0.5681063122923589 0.2619912790697675 0.5548172757475083 0.24442829457364343 0.5647840531561461 0.2147529069767442 0.6068660022148394 0.20687984496124034 0.6234772978959026 0.17659883720930233 0.5193798449612402 0.1729651162790698 0.4595791805094131 0.17538759689922484 0.32447397563676633 0.17478197674418608 0.21816168327796237 0.18386627906976746 0.1926910299003322
1 0.42739692408376956 0.23485415108451754 0.44621236910994766 0.2782348541510845 0.4482575261780105 0.3246073298429319 0.43639561518324604 0.4958863126402393 0.4368046465968586 0.5265519820493642 0.4466214005235602 0.5841436050860135 0.46870909685863876 0.6484667165295438 0.4879335732984293 0.6828721017202692 0.5153386780104712 0.68810770381451 0.5787385471204188 0.599850411368736 0.5636043848167539 0.5923709798055348 0.5546056937172774 0.5908750934928945 0.4993864528795811 0.6589379207180254 0.49202388743455494 0.6477187733732236 0.45602912303664916 0.5347793567688855 0.46298265706806274 0.42857142857142855 0.47320844240837695 0.28347045624532535 0.4887516361256544 0.24233358264771876
1 0.7084015052356021 0.28795811518324604 0.7317162958115182 0.3246073298429319 0.7341704842931936 0.34854151084517576 0.7345795157068062 0.4121166791323859 0.730080170157068 0.5512341062079282 0.7308982329842931 0.5766641735228123 0.7431691753926701 0.6237845923709797 0.7603484947643978 0.6619296933433059 0.7791639397905759 0.700074794315632 0.7918439136125655 0.7112939416604338 0.8180219240837696 0.6993268511593118 0.8491083115183246 0.6492146596858638 0.86751472513089 0.6148092744951383 0.8621973167539266 0.6028421839940165 0.8511534685863873 0.600598354525056 0.8417457460732983 0.6222887060583395 0.7996155104712042 0.6858638743455497 0.78938972513089 0.6731488406881077 0.7562581806282722 0.5946148092744951 0.7501227094240838 0.5699326851159312 0.7525768979057591 0.468960359012715 0.7578943062827225 0.3410620792819745 0.7763007198952879 0.29468960359012714
1 0.9705906413612565 0.3410620792819745 0.9918602748691099 0.39640987284966345 0.9910422120418847 0.43530291697830964 0.9775441753926701 0.6013462976813762 0.9812254581151831 0.6350037397157816 0.9988138089005234 0.6903515332834704 0.99921875 0.6362976813762128 0.9939054319371727 0.5893792071802543 0.99921875 0.5491281119777746 0.9988138089005234 0.3507853403141361
2 0.23351603403141366 0.5804038893044128 0.2421056937172775 0.5916230366492146 0.2666475785340314 0.5833956619296933 0.27114692408376967 0.5669409124906507 0.2637843586387435 0.5587135377711293 0.24537794502617802 0.5632011967090501
2 0.5476521596858638 0.5991024682124158 0.5533785994764397 0.6118175018698578 0.5656495418848168 0.6110695587135377 0.5750572643979057 0.6080777860882572 0.5771024214659686 0.599850411368736 0.5623772905759161 0.5893792071802543 0.5525605366492147 0.5893792071802543
2 0.8446089659685864 0.6140613313388182 0.8523805628272252 0.6275243081525804 0.8609702225130891 0.6305160807778608 0.8654695680628273 0.6140613313388182 0.8609702225130891 0.6020942408376964 0.8523805628272252 0.6050860134629767
3 0.2044748036649215 0.6178010471204188 0.1864774214659686 0.6260284218399401 0.1807509816753927 0.6357516828721017 0.1934309554973822 0.6559461480927449 0.22329024869109954 0.6462228870605834 0.20856511780104717 0.6387434554973821
3 0.49120582460732976 0.6499626028421839 0.4793439136125654 0.6537023186237846 0.4740265052356021 0.6611817501869858 0.48588841623036644 0.6761406133133882 0.5169748036649214 0.6828721017202692 0.5063399869109947 0.6709050112191473 0.5014316099476439 0.6596858638743455
3 0.7922529450261779 0.6791323859386686 0.779982002617801 0.6813762154076289 0.7746645942408377 0.6925953627524308 0.7873445680628272 0.7083021690351533 0.8151587041884817 0.7015706806282722 0.7938890706806283 0.6925953627524308
