0 0.003997093023255827 0.16168327796234774 0.23837209302325585 0.16168327796234774 0.47153585271317827 0.15725359911406422 0.701671511627907 0.15614617940199335 0.9172722868217054 0.16500553709856036 0.99921875 0.17156809014558125 0.99921875 0.26356589147286824 0.7295300387596899 0.24363233665559245 0.5048449612403101 0.24031007751937986 0.26925872093023256 0.24363233665559245 0.06213662790697676 0.24584717607973422 0.0003633720930232693 0.24363233665559245
1 0.01154353562005277 0.24575951752732758 0.025354551451187333 0.26159065209197135 0.03463060686015831 0.2777987184319638 0.05648087071240106 0.3886166603844704 0.07173482849604221 0.4557105163965322 0.0783311345646438 0.48096494534489254 0.09152374670184696 0.48096494534489254 0.09544030343007916 0.47116471918582736 0.09214215039577836 0.43950245005653976 0.08595811345646438 0.4338484734263099 0.06678759894459103 0.34979268752355824 0.05132750659630607 0.27063701470033924 0.04967843007915567 0.24425179042593292
1 0.1508905013192612 0.24651338107802487 0.15996042216358838 0.2713908782510366 0.16470151715039577 0.2924990576705616 0.17542051451187335 0.3490388239728609 0.18593337730870713 0.4059555220505089 0.20613456464379948 0.4741801733886167 0.21334927440633247 0.4941575574820957 0.22736642480211083 0.4832265359969845 0.2319013852242744 0.4647568790049001 0.2314891160949868 0.4530719939690916 0.22365600263852242 0.45759517527327553 0.21850263852242743 0.45344892574444023 0.20407321899736147 0.39728609121748965 0.1966523746701847 0.3697700716170373 0.18222295514511871 0.2808141726347531 0.18057387862796834 0.24387485865058425
1 0.3137368073878628 0.24500565397663024 0.32589874670184693 0.26121372031662266 0.33538093667546176 0.2796833773087071 0.3405343007915567 0.3124764417640407 0.3526962401055409 0.3961552958914436 0.35743733509234826 0.41575574820957406 0.36753792875989444 0.44930267621560493 0.379287598944591 0.4866189219751225 0.3877391160949868 0.4964191481341877 0.39783970976253297 0.4888805126272145 0.40649736147757254 0.45646437994722955 0.40361147757255933 0.4462872220128157 0.39433542216358836 0.45081040331699956 0.388563654353562 0.47342630983791933 0.37743238786279687 0.4421409724839804 0.36671339050131924 0.40557859027516024 0.3539330474934037 0.3226535996984546 0.3485735488126649 0.2710139464756879 0.3491919525065963 0.24048247267244627
1 0.4714297493403694 0.2431209950998869 0.4767892480211081 0.25480588013569544 0.48194261213720313 0.27742178665661515 0.48606530343007914 0.29023746701846964 0.48998186015831136 0.31549189596683 0.4959597625329815 0.36637768563889933 0.5023499340369393 0.40520165849981155 0.5083278364116095 0.4312099509988692 0.5229633905013192 0.47757255936675463 0.5326517150395779 0.5013192612137203 0.5371866754617415 0.5013192612137203 0.5466688654353562 0.4941575574820957 0.5553265171503957 0.4673954014323407 0.553059036939314 0.4587259705993215 0.5476995382585752 0.4579721070486242 0.5439891160949868 0.4655107425555974 0.5392480211081794 0.47757255936675463 0.5279106200527705 0.4519411986430456 0.5151302770448549 0.4123633622314361 0.5085339709762533 0.37240859404447796 0.4986395118733509 0.2845834903882397 0.5025560686015831 0.26422917451941197 0.5042051451187335 0.24274406332453827
1 0.6573631266490765 0.24349792687523558 0.6629287598944591 0.260836788541274 0.6693189313984169 0.287598944591029 0.6726170844327177 0.30380701093102147 0.6785949868073878 0.38673200150772713 0.6839544854881267 0.4225405201658499 0.6998268469656992 0.4741801733886167 0.7121949208443271 0.5062193742932529 0.7196157651715039 0.5065963060686015 0.7305408970976253 0.4964191481341877 0.7455887203166227 0.46928006030908404 0.7431151055408971 0.46211835657745953 0.7375494722955145 0.4658876743309461 0.7307470316622691 0.47380324161326803 0.7233261873350924 0.4866189219751225 0.7150808047493403 0.46965699208443273 0.7025065963060686 0.43007915567282323 0.6957041556728232 0.4029400678477196 0.6921998680738787 0.3791933660007538 0.6876649076517151 0.28835280814172637 0.6876649076517151 0.25480588013569544 0.6924060026385225 0.2423671315491896
1 0.8465946569920844 0.25254428948360347 0.8507173482849604 0.2676215604975499 0.8564891160949868 0.2955145118733509 0.8569013852242744 0.31096871466264603 0.855252308707124 0.3954014323407463 0.8571075197889183 0.42367131549189596 0.8698878627968337 0.48850358085186585 0.8791639182058046 0.5194119864304562 0.8865847625329815 0.5314738032416133 0.8946240105540897 0.5284583490388239 0.9185356200527706 0.5175273275537128 0.9259564643799472 0.5054655107425556 0.9228644459102903 0.498303807010931 0.8964792216358839 0.5099886920467395 0.8909135883905013 0.5054655107425556 0.882874340369393 0.477195627591406 0.8727737467018469 0.4312099509988692 0.86968172823219 0.4153788164342254 0.8692694591029024 0.3648699585375047 0.8711246701846965 0.29438371654730494 0.8723614775725593 0.27327553712777986 0.8773087071240105 0.25480588013569544
2 0.07359003957783641 0.448171880889559 0.07936180738786279 0.4609875612514135 0.09317282321899736 0.448171880889559 0.09317282321899736 0.4379947229551451 0.08575197889182058 0.4327176781002639 0.07338390501319261 0.4466641537881644
2 0.21520448548812662 0.471541650961176 0.21850263852242743 0.4779494911421032 0.2316952506596306 0.4700339238597814 0.232313654353562 0.46400301545420275 0.2306645778364116 0.4557105163965322 0.22654188654353563 0.4557105163965322 0.21788423482849603 0.46211835657745953
2 0.392686345646438 0.46061062947606485 0.39619063324538256 0.4666415378816434 0.40670349604221634 0.4602336977007162 0.40670349604221634 0.45533358462118356 0.40381761213720313 0.4451564266867697 0.39392315303430075 0.45118733509234826
2 0.5429584432717678 0.4707877874104787 0.5470811345646438 0.47606483226536 0.5545019788918205 0.4719185827365247 0.5561510554089709 0.4666415378816434 0.5536774406332454 0.4591029023746702 0.5466688654353562 0.4583490388239729 0.5435768469656992 0.4624952883528082
2 0.7305408970976253 0.47531096871466266 0.7344574538258575 0.48511119487372784 0.7460009894459103 0.47041085563513 0.7427028364116095 0.46211835657745953 0.7338390501319261 0.46513381078024874
2 0.920184696569921 0.500565397663023 0.9129699868073878 0.5043347154165096 0.9104963720316622 0.5107425555974369 0.9123515831134565 0.5194119864304562 0.9197724274406334 0.5137580098002261 0.9265748680738787 0.5054655107425556 0.9226583113456464 0.49981153411232565
3 0.0787434036939314 0.472672446287222 0.09440963060686017 0.4628722201281568 0.09626484168865436 0.472672446287222 0.08884399736147756 0.4794572182434979 0.0803924802110818 0.4820957406709385 0.0779188654353562 0.47380324161326803
3 0.20840204485488126 0.48096494534489254 0.21437994722955148 0.49151903505465516 0.22716029023746703 0.48398039954768185 0.22901550131926124 0.47870335469280056 0.21932717678100264 0.48096494534489254 0.21458608179419522 0.4741801733886167
3 0.3871207124010554 0.4741801733886167 0.38176121372031663 0.48134187712024123 0.3799060026385224 0.4858650584244252 0.3871207124010554 0.494911421032793 0.39866424802110817 0.48812664907651715 0.389594327176781 0.48511119487372784 0.386502308707124 0.4794572182434979
3 0.5373928100263853 0.4817188088955899 0.5307965039577837 0.4866189219751225 0.5301781002638523 0.49679607990953634 0.5357437335092349 0.5001884658876743 0.5450197889182058 0.49566528458349035 0.5378050791556729 0.4922728986053524
3 0.7208525725593667 0.4832265359969845 0.7136378627968337 0.49264983038070104 0.7105458443271767 0.499434602336977 0.7159053430079155 0.5050885789672069 0.7231200527704486 0.5013192612137203 0.7288918205804749 0.4975499434602337 0.7187912269129287 0.49566528458349035
3 0.8898829155672823 0.5047116471918583 0.8843172823218998 0.5122502826988315 0.8812252638522426 0.5212966453071993 0.887203166226913 0.5284583490388239 0.8946240105540897 0.526196758386732 0.8946240105540897 0.5111194873727855
