0 0.0027858527131783078 0.24363233665559245 0.15358527131782948 0.256921373200443 0.484859496124031 0.29014396456256925 0.7077277131782946 0.3156146179401993 0.9318071705426355 0.3477297895902547 0.9966085271317828 0.3576965669988926 0.9990310077519379 0.46511627906976744 0.6816860465116279 0.4208194905869324 0.31649709302325585 0.39091915836101887 4.4408920985006264e-17 0.3667134056735259
1 0.09891362660944206 0.37216431637032493 0.11500804721030042 0.3936235438381361 0.11668454935622316 0.413856529736358 0.11970225321888413 0.4334763948497854 0.12137875536480687 0.492949110974862 0.12037285407725322 0.5695892090741875 0.12406115879828325 0.6241569589209074 0.1297612660944206 0.648068669527897 0.14987929184549356 0.6971183323114654 0.16966201716738197 0.7351318209687309 0.1793857296137339 0.7418761496014714 0.1958154506437768 0.7412630288166768 0.2092274678111588 0.7296137339055794 0.22733369098712447 0.6860821581851625 0.24711641630901288 0.6259963212752913 0.24007510729613735 0.6161863887185776 0.22230418454935622 0.6131207847946045 0.2092274678111588 0.6468424279583078 0.19749195278969955 0.6793378295524218 0.18475053648068668 0.7130594727161251 0.15591469957081544 0.6505211526670754 0.15122049356223174 0.6272225628448804 0.1488733905579399 0.5843041079092581 0.1488733905579399 0.407725321888412 0.14987929184549356 0.3776824034334764 0.15323229613733905 0.3641937461679951
1 0.3714364035087719 0.38847117794486213 0.38788377192982454 0.41791979949874686 0.3895970394736842 0.43546365914786966 0.38993969298245607 0.47431077694235585 0.38925438596491224 0.5745614035087719 0.39062499999999994 0.6177944862155388 0.39302357456140347 0.6491228070175438 0.4039884868421052 0.6873433583959899 0.42112116228070173 0.7274436090225563 0.43996710526315785 0.7568922305764411 0.46121162280701744 0.7600250626566416 0.4738898026315789 0.7462406015037594 0.49924616228070173 0.6923558897243107 0.5160361842105263 0.6528822055137844 0.5095257675438596 0.6466165413533834 0.49547697368421045 0.6422305764411027 0.47800164473684204 0.6773182957393483 0.4553865131578947 0.726190476190476 0.44956140350877194 0.7355889724310776 0.4231770833333333 0.6716791979949874 0.41563870614035087 0.6491228070175438 0.4135827850877193 0.600877192982456 0.4163240131578947 0.450501253132832 0.414610745614035 0.42669172932330823 0.4214638157894736 0.4060150375939849 0.4228344298245614 0.38847117794486213
1 0.6277412280701753 0.4085213032581453 0.6383634868421052 0.425438596491228 0.644188596491228 0.44110275689223055 0.6513843201754386 0.45864661654135336 0.6503563596491228 0.5363408521303258 0.6503563596491228 0.6083959899749373 0.6503563596491228 0.6484962406015037 0.6606359649122806 0.6791979949874686 0.673656798245614 0.7098997493734335 0.6921600877192982 0.744360902255639 0.7041529605263157 0.7556390977443609 0.7240268640350876 0.7506265664160401 0.7490405701754386 0.7155388471177945 0.7678865131578947 0.6823308270676691 0.7805646929824561 0.6566416040100249 0.776110197368421 0.6510025062656641 0.7699424342105262 0.6453634085213031 0.7637746710526315 0.6428571428571428 0.7236842105263157 0.7155388471177945 0.7120339912280701 0.731203007518797 0.7034676535087718 0.731203007518797 0.6794819078947367 0.6835839598997493 0.6712582236842104 0.6522556390977443 0.6692023026315789 0.6077694235588972 0.6712582236842104 0.488095238095238 0.6722861842105263 0.43859649122807015 0.683251096491228 0.4097744360902255
1 0.878220942982456 0.44110275689223055 0.8915844298245613 0.4711779448621553 0.9001507675438596 0.49812030075187963 0.8984374999999998 0.5651629072681703 0.8994654605263157 0.6672932330827067 0.9052905701754386 0.6979949874686716 0.9196820175438596 0.726190476190476 0.9381853070175439 0.7600250626566416 0.951206140350877 0.7781954887218044 0.9697094298245613 0.7794486215538846 0.9830729166666666 0.7625313283208018 0.9988349780701753 0.7324561403508771 0.9988349780701753 0.694235588972431 0.9751918859649121 0.7368421052631579 0.9652549342105262 0.7518796992481203 0.9573739035087717 0.7606516290726817 0.9508634868421051 0.7550125313283208 0.9200246710526315 0.694235588972431 0.917283442982456 0.6779448621553884 0.9145422149122806 0.6547619047619047 0.9169407894736841 0.48746867167919794 0.922080592105263 0.4680451127819548 0.9296189692982455 0.44298245614035087
2 0.2138157894736842 0.6340852130325814 0.22135416666666666 0.6472431077694235 0.2405427631578947 0.6459899749373433 0.24739583333333331 0.6253132832080199 0.23985745614035087 0.6121553884711779 0.22306743421052627 0.6109022556390977
2 0.48519736842105254 0.6635338345864661 0.4917077850877193 0.6735588972431077 0.5084978070175439 0.6741854636591478 0.5160361842105263 0.6516290726817042 0.5084978070175439 0.6459899749373433 0.49479166666666663 0.6428571428571428
2 0.7548656798245613 0.6597744360902256 0.7610334429824561 0.669172932330827 0.7764528508771928 0.6679197994987468 0.7819353070175438 0.6560150375939849 0.7750822368421052 0.6478696741854636 0.7678865131578947 0.644736842105263 0.7620614035087718 0.644110275689223
3 0.18126370614035087 0.7080200501253132 0.1713267543859649 0.7155388471177945 0.16687225877192982 0.7324561403508771 0.17578124999999997 0.7399749373433583 0.1843475877192982 0.7399749373433583 0.19839638157894735 0.7418546365914787 0.2045641447368421 0.7337092731829573 0.18571820175438594 0.7293233082706766
3 0.44579221491228066 0.7268170426065163 0.4337993421052631 0.7305764411027568 0.429344846491228 0.7406015037593984 0.43619791666666663 0.7531328320802004 0.4444216008771929 0.7581453634085211 0.45744243421052627 0.756265664160401 0.4666940789473684 0.7537593984962405 0.4526452850877193 0.7456140350877193 0.4481907894736842 0.7337092731829573
3 0.6993558114035088 0.7268170426065163 0.6955866228070174 0.7299498746867167 0.6907894736842104 0.7418546365914787 0.6993558114035088 0.7499999999999999 0.707579495614035 0.7499999999999999 0.7147752192982455 0.7543859649122805 0.7253974780701753 0.7518796992481203 0.7154605263157894 0.7431077694235588 0.7068941885964912 0.7355889724310776 0.7068941885964912 0.7355889724310776 0.7031249999999999 0.7324561403508771
3 0.9494928728070174 0.7550125313283208 0.9440104166666666 0.7687969924812029 0.9498355263157894 0.7788220551378445 0.9587445175438596 0.7788220551378445 0.9697094298245613 0.7788220551378445 0.971080043859649 0.7750626566416039 0.9652549342105262 0.768170426065163 0.9638843201754386 0.7550125313283208 0.9573739035087717 0.7593984962406015
