0 0.17599321705426357 0.0011074197120708748 0.38856589147286824 0.14839424141749724 0.7059108527131783 0.3709856035437431 0.9342296511627906 0.5382059800664452 0.998425387596899 0.5825027685492802 0.998425387596899 0.6766334440753045 0.736797480620155 0.48283499446290146 0.4800145348837209 0.3078626799557032 0.27289244186046513 0.16832779623477298 0.03367248062015505 0.00221483942414175
1 0.0752391160949868 0.011684885035808518 0.07977407651715039 0.02638522427440633 0.0785372691292876 0.05390124387485865 0.07029188654353562 0.08594044477949492 0.05771767810026385 0.13871089332830758 0.05318271767810027 0.16358839050131926 0.05916062005277045 0.19638145495665282 0.06967348284960422 0.22088202035431587 0.08575197889182058 0.24726724462872218 0.09564643799472296 0.24764417640407085 0.14388192612137202 0.18243497926875235 0.13563654353562005 0.1613267998492273 0.13048317941952509 0.15077271013946475 0.12285620052770448 0.14964191481341876 0.10327341688654354 0.1779117979645684 0.08637038258575198 0.20241236336223145 0.0775065963060686 0.21032793064455335 0.06987961741424802 0.19525065963060687 0.06926121372031661 0.17678100263852242 0.08101088390501318 0.13079532604598568 0.09502803430079156 0.07689408217112703 0.09976912928759894 0.05503203920090463 0.11048812664907652 0.0395778364116095
1 0.2712730870712401 0.14775725593667546 0.2743651055408971 0.16434225405201658 0.2708608179419525 0.18771202412363364 0.25457618733509235 0.26196758386732 0.24756761213720316 0.29702223897474556 0.25437005277044855 0.33245382585751976 0.26653199208443273 0.36411609498680736 0.28054914248021107 0.38220882020354313 0.29415402374670185 0.3773087071240106 0.33538093667546176 0.31888428194496793 0.32569261213720313 0.2955145118733509 0.31868403693931396 0.2894836034677723 0.28714544854881263 0.33471541650961173 0.28013687335092347 0.34451564266867696 0.26879947229551454 0.3479080286468149 0.2617908970976253 0.32491519035054656 0.2638522427440633 0.2992838296268375 0.29023746701846964 0.18168111571805504 0.29827671503957787 0.16057293629852998
1 0.45308377308707126 0.26950621937429325 0.4613291556728232 0.29815303430079154 0.44854881266490765 0.35318507350169615 0.4405095646437995 0.40407086317376556 0.4423647757255937 0.43158688277421786 0.45555738786279687 0.4707877874104787 0.4668947889182058 0.49679607990953634 0.4769953825857519 0.49868073878627966 0.4969904353562005 0.48548812664907653 0.5310026385224275 0.44327176781002636 0.5221388522427441 0.41274029400678475 0.5159548153034301 0.4134941575574821 0.48276715039577833 0.45344892574444023 0.4703990765171504 0.4662646061062947 0.4602984828496042 0.4632491519035055 0.45328990765171506 0.4474180173388617 0.45102242744063326 0.4297022238974746 0.4611230211081794 0.3791933660007538 0.4751401715039578 0.3075763286845081 0.48503463060686014 0.29212212589521297
1 0.6367496701846965 0.3995476818695816 0.6423153034300791 0.42857142857142855 0.6412846306068601 0.44892574444025635 0.629122691292876 0.5344892574444026 0.6305656332453826 0.5548435733132303 0.6429337071240105 0.5914059555220506 0.6544772427440633 0.6177911797964568 0.6600428759894459 0.6294760648322654 0.6771520448548813 0.6234451564266867 0.701063654353562 0.5906520919713533 0.7154930738786279 0.5699208443271768 0.7076599604221636 0.5450433471541651 0.7006513852242744 0.5435356200527705 0.6736477572559367 0.5827365246890313 0.6629287598944591 0.5932906143987938 0.6499422823218997 0.5914059555220506 0.6379864775725593 0.5657745947983415 0.64561345646438 0.5077271013946475 0.6579815303430079 0.4383716547304938 0.6676698548812665 0.4108556351300414
1 0.7861972295514512 0.5163965322276668 0.8024818601583114 0.5431586882774218 0.804749340369393 0.5578590275160196 0.7981530343007915 0.6524689031285337 0.7975346306068601 0.6716924236713155 0.8086658970976254 0.7014700339238598 0.8255689313984169 0.7289860535243121 0.8418535620052771 0.73803241613268 0.8558707124010555 0.7278552581982661 0.8867908970976254 0.67885412740294 0.8826682058047494 0.6524689031285337 0.8752473614775725 0.6520919713531851 0.8472130606860159 0.6977007161703731 0.8375247361477574 0.7071240105540897 0.8136131266490765 0.6796079909536373 0.8045432058047494 0.662269129287599 0.8148499340369393 0.5431586882774218 0.8214462401055409 0.5246890312853373
1 0.9447147097625329 0.6257067470787787 0.9579073218997362 0.6633999246136448 0.9434779023746701 0.7210704862419901 0.9356447889182059 0.7561251413494157 0.9389429419525065 0.7885412740294007 0.957082783641161 0.8428194496796079 0.9628545514511874 0.8590275160196005 0.9840864116094986 0.8533735393893706 0.99921875 0.8411984922728987 0.999134234828496 0.8062570674707878 0.9781085092348285 0.8198266113833396 0.9636790897097626 0.8300037693177535 0.9535784960422162 0.8028646814926499 0.9443024406332453 0.7708254805880136 0.9506926121372032 0.7406709385601206 0.9628545514511874 0.6943083301922351 0.9675956464379947 0.6701846965699209 0.9675956464379947 0.6543535620052771 0.9764594327176781 0.6396532227666792 0.9812005277044855 0.6358839050131926
2 0.1154353562005277 0.1613267998492273 0.13233839050131926 0.1975122502826988 0.14470646437994722 0.18168111571805504 0.12821569920844328 0.1436110064078402
2 0.3112631926121372 0.30229928382962684 0.32589874670184693 0.3316999623068224 0.33517480211081796 0.3185073501696193 0.32115765171503957 0.2879758763663777
2 0.5116259894459103 0.41839427063701473 0.5229633905013192 0.45344892574444023 0.5312087730870713 0.44364869958537506 0.5217265831134565 0.4078401809272521
2 0.695910290237467 0.5525819826611383 0.707247691292876 0.581982661138334 0.7152869393139841 0.5684131172257821 0.704155672823219 0.5390124387485865
2 0.871743073878628 0.658876743309461 0.8793700527704486 0.6886543535620053 0.8865847625329815 0.6781002638522426 0.8826682058047494 0.6502073124764417 0.8748350923482849 0.6502073124764417
3 0.07338390501319261 0.20241236336223145 0.06575692612137203 0.2114587259705993 0.07255936675461741 0.22804372408594045 0.08533970976253298 0.24802110817941952 0.09461576517150395 0.24575951752732758 0.08245382585751979 0.2186204297022239 0.08286609498680739 0.20919713531850737 0.07606365435356201 0.2088202035431587
3 0.26900560686015834 0.341123256690539 0.261172493403694 0.3558235959291368 0.26900560686015834 0.3660007538635507 0.2756019129287599 0.3758009800226159 0.2826104881266491 0.3829626837542405 0.28714544854881263 0.3795702977761025 0.2749835092348285 0.35770825480588014 0.2753957783641161 0.34866189219751226 0.2710669525065963 0.34753109687146627
3 0.4586494063324539 0.45947983415001886 0.45452671503957787 0.4662646061062947 0.4590616754617415 0.4783264229174519 0.465657981530343 0.49302676215604974 0.4730788258575198 0.4975499434602337 0.4664825197889182 0.47644176404070865 0.4679254617414248 0.4685261967583867 0.4621536939313984 0.4647568790049001
3 0.6497361477572559 0.5902751601960046 0.6458195910290238 0.5978137957029778 0.6511790897097625 0.6125141349415756 0.6581876649076517 0.6234451564266867 0.6662269129287599 0.6257067470787787 0.6585999340369393 0.6079909536373916 0.6594244722955145 0.5978137957029778 0.6542711081794195 0.5959291368262344
3 0.8259812005277045 0.6992084432717678 0.8212401055408971 0.7105163965322276 0.8278364116094986 0.7271013946475687 0.8371124670184698 0.7361477572559366 0.8476253298153035 0.7350169619298906 0.839998350923483 0.7142857142857143 0.839998350923483 0.7059932152280437 0.8354633905013193 0.7063701470033923 0.831546833773087 0.7041085563513004
3 0.9585257255936674 0.8186958160572936 0.9517232849604221 0.8262344515642669 0.9572889182058046 0.8405578590275161 0.9622361477572559 0.8571428571428571 0.9686263192612137 0.8563889935921598 0.9655343007915567 0.8398039954768187 0.9669772427440634 0.8311345646437995 0.9628545514511874 0.8288729739917075 0.960999340369393 0.8232189973614775
