0 0.000968992248062029 0.24473975636766337 0.12875484496124032 0.18272425249169436 0.31044089147286824 0.08859357696566998 0.5036337209302325 0.0011074197120708748 0.9051598837209301 0.0 0.834907945736434 0.014396456256921373 0.5375484496124031 0.13510520487264674 0.22989341085271317 0.2702104097452935 0.001574612403100789 0.3798449612403101
1 0.001005901287553648 0.4678111587982832 0.050965665236051505 0.6315144083384426 0.06135997854077253 0.6658491722869405 0.08013680257510729 0.7167381974248926 0.08550160944206008 0.7106069895769467 0.09220761802575107 0.7204169221336603 0.10025482832618024 0.7486204782342121 0.10595493562231759 0.7755977927651747 0.10595493562231759 0.786020846106683 0.08650751072961374 0.8025751072961372 0.0814780042918455 0.7982832618025751 0.06404238197424893 0.7510729613733904 0.03654774678111588 0.6732066217044758 0.023806330472103003 0.6370324954015941 0.001005901287553648 0.5622317596566524
1 0.1840799356223176 0.2918454935622317 0.19447424892703863 0.3077866339668915 0.20151555793991416 0.3359901900674433 0.21459227467811157 0.3641937461679951 0.2212982832618026 0.37829552421827095 0.247787017167382 0.4960147148988351 0.2605284334763948 0.5567136725935009 0.2699168454935622 0.5898221949724095 0.2927172746781116 0.660331085223789 0.3155177038626609 0.727161250766401 0.3249061158798283 0.7443286327406499 0.34904774678111583 0.7253218884120172 0.3584361587982833 0.6732066217044758 0.3517301502145923 0.6646229307173513 0.33798283261802575 0.6768853464132434 0.33261802575107297 0.6903740036787247 0.3010997854077253 0.601471489883507 0.285675965665236 0.5511955855303495 0.2501341201716738 0.3770692826486818 0.24141630901287553 0.3341508277130595 0.23839860515021458 0.30226854690374005 0.2316925965665236 0.26609442060085836
1 0.46841469957081544 0.16860821581851623 0.4878621244635193 0.2035561005518087 0.502280042918455 0.23543838136112816 0.519380364806867 0.3083997547516861 0.5374865879828327 0.3917841814837523 0.5539163090128756 0.46842427958307786 0.5633047210300429 0.49233599019006746 0.5948229613733905 0.572041692213366 0.6233234978540773 0.6241569589209074 0.6400885193133047 0.6358062538320048 0.6545064377682404 0.6174126302881667 0.689712982832618 0.5407725321888412 0.6907188841201717 0.5328019619865113 0.6843481759656652 0.5272838749233598 0.6746244635193133 0.5389331698344574 0.6672478540772532 0.5505824647455548 0.6605418454935622 0.5585530349478848 0.6498122317596566 0.5892090741876149 0.6424356223175965 0.5836909871244634 0.6283530042918455 0.5579399141630901 0.5954935622317596 0.49233599019006746 0.5837580472103003 0.4641324340895156 0.5730284334763949 0.4206008583690987 0.5545869098712446 0.3359901900674433 0.5294393776824033 0.2053954629061925 0.5207215665236051 0.15757204169221337 0.5250804721030042 0.13611281422440222
1 0.8379157725321889 0.01594114040465972 0.8633986051502145 0.07602697731453097 0.8761400214592274 0.10177805027590435 0.8848578326180258 0.14776210913549967 0.8982698497854077 0.24034334763948498 0.9116818669527896 0.33169834457388103 0.920399678111588 0.3709380748007357 0.9338116952789699 0.41814837522992027 0.9532591201716738 0.4653586756591048 0.9750536480686695 0.5168608215818516 0.99921875 0.5507581700444303 0.99921875 0.510116492949111 0.9837714592274678 0.4800735744941753 0.971030042918455 0.45187001839362356 0.9579533261802575 0.4193746167995095 0.947894313304721 0.3936235438381361 0.9364940987124463 0.3617412630288167 0.9247585836909871 0.2740649908031882 0.910005364806867 0.17351318209687308 0.9032993562231759 0.11587982832618024 0.9006169527896996 0.06621704475781728 0.8952521459227467 0.030656039239730225 0.903969957081545 0.0
2 0.07085503472222225 0.7546296296296297 0.09327980324074078 0.7308201058201057 0.09219473379629632 0.7175925925925926 0.08459924768518522 0.707010582010582 0.07338686342592596 0.7202380952380952 0.06362123842592596 0.736111111111111
2 0.3294632523148148 0.6957671957671957 0.33633535879629634 0.7063492063492063 0.35586660879629634 0.6865079365079365 0.3594835069444445 0.6726190476190476 0.3533347800925926 0.6626984126984127 0.3359736689814815 0.6772486772486772 0.3312717013888889 0.6845238095238094
2 0.6575159143518519 0.5687830687830687 0.6643880208333333 0.582010582010582 0.6904296874999999 0.5403439153439152 0.6915147569444444 0.533068783068783 0.6831958912037036 0.5271164021164021 0.6633029513888888 0.5535714285714286
3 0.07917390046296299 0.7943121693121693 0.10449218750000003 0.7678571428571429 0.10702401620370375 0.7883597883597884 0.08496093750000003 0.8062169312169312
3 0.32873987268518523 0.701058201058201 0.3142722800925926 0.7208994708994709 0.32331452546296297 0.744047619047619 0.3489945023148148 0.7255291005291005 0.33091001157407407 0.7281746031746031 0.3229528356481482 0.7235449735449735
3 0.6430483217592592 0.5866402116402115 0.6289424189814814 0.6124338624338624 0.6246021412037036 0.6249999999999999 0.6336443865740741 0.6335978835978835 0.6412398726851851 0.6349206349206349 0.6513671874999999 0.6223544973544973 0.6546223958333333 0.6197089947089947 0.6448567708333333 0.6210317460317459 0.6405164930555556 0.6071428571428571 0.6470269097222221 0.5906084656084656
