0 0.0021802325581395483 0.021040974529346623 0.3492005813953488 0.17718715393134 0.874878875968992 0.4241417497231451 0.9990310077519379 0.4883720930232558 0.998425387596899 0.583610188261351 0.45033914728682173 0.31672203765227025 0.07788275193798451 0.1539313399778516 0.0 0.12264337729454008
1 0.05751154353562006 0.14210327930644553 0.05441952506596306 0.15906520919713532 0.03545514511873351 0.2205050885789672 0.024942282321899736 0.25254428948360347 0.021644129287598946 0.27742178665661515 0.018139841688654353 0.313230305314738 0.020407321899736146 0.33396155295891444 0.03359993403693932 0.35318507350169615 0.04266985488126649 0.3505465510742556 0.08327836411609499 0.2973991707500942 0.0785372691292876 0.28232189973614774 0.06781827176781002 0.2698831511496419 0.05874835092348285 0.2789295137580098 0.03710422163588391 0.3083301922352054 0.039990105540897096 0.2811911044101018 0.05833608179419525 0.2284206558612891 0.07317777044854881 0.18243497926875235 0.08430903693931399 0.1522804372408594 0.08554584432717678 0.130418394270637 0.05709927440633246 0.11797964568413118
1 0.24200197889182057 0.20429702223897472 0.24447559366754618 0.22615906520919712 0.2327259234828496 0.2717678100263852 0.22035784960422164 0.32453825857519786 0.21726583113456463 0.35092348284960423 0.22695415567282323 0.3912551828119111 0.23932222955145116 0.4093479080286468 0.24426945910290238 0.41839427063701473 0.25375164907651715 0.4187712024123634 0.29868898416886547 0.3513004146249529 0.29703990765171506 0.34300791556728233 0.2854963720316622 0.32378439502450057 0.28096141160949867 0.32076894082171126 0.24385718997361477 0.37994722955145116 0.24055903693931396 0.38409347908028646 0.2370547493403694 0.37504711647191863 0.2368486147757256 0.3558235959291368 0.23994063324538256 0.3392385978137957 0.26611972295514513 0.2333207689408217 0.2716853562005277 0.2148511119487373
1 0.43040897097625325 0.29438371654730494 0.43226418205804745 0.31021485111194874 0.4186593007915567 0.3739163211458726 0.41123845646437995 0.40633245382585753 0.40958937994722955 0.4281944967960799 0.4176286279683377 0.4579721070486242 0.43411939313984166 0.5032039200904637 0.44607519788918204 0.503957783641161 0.4714297493403694 0.474934036939314 0.4967843007915567 0.4428948360346777 0.4941045514511873 0.4293252921221259 0.48482849604221634 0.41688654353562005 0.4767892480211081 0.4240482472672446 0.45143469656992086 0.4560874481718809 0.4403034300791557 0.47116471918582736 0.42999670184696565 0.47116471918582736 0.42340039577836414 0.447041085563513 0.42401879947229554 0.4312099509988692 0.43679914248021107 0.3791933660007538 0.45102242744063326 0.31813041839427064 0.45555738786279687 0.2985299660761402
1 0.6089215039577837 0.3727855258198266 0.619846635883905 0.3837165473049378 0.6194343667546174 0.4070863173765548 0.6118073878627969 0.4756879004900113 0.6099521767810027 0.5118733509234829 0.6159300791556729 0.5344892574444026 0.6287104221635884 0.5593667546174143 0.64561345646438 0.5849981153411232 0.6590122031662269 0.5846211835657746 0.6767397757255937 0.559743686392763 0.7035372691292876 0.5099886920467395 0.6952918865435356 0.48737278552581986 0.6889017150395779 0.4836034677723332 0.6561263192612137 0.5427817565020732 0.6501484168865435 0.5488126649076518 0.6416968997361477 0.550697323784395 0.6340699208443271 0.5431586882774218 0.6252061345646438 0.5292122125895213 0.6285042875989446 0.48925744440256314 0.6379864775725593 0.40520165849981155 0.6460257255936676 0.3803241613267998
1 0.7899076517150395 0.46211835657745953 0.7983591688654353 0.4673954014323407 0.8000082453825857 0.48737278552581986 0.7927935356200527 0.5548435733132303 0.7901137862796833 0.5932906143987938 0.7929996701846965 0.6140218620429703 0.8037186675461742 0.6407840180927252 0.8247443931398417 0.6747078778741048 0.8325775065963061 0.6758386732001508 0.8424719656992083 0.6709385601206181 0.8515418865435356 0.661138333961553 0.8859663588390502 0.606483226535997 0.8812252638522426 0.5910290237467019 0.8764841688654353 0.5827365246890313 0.8713308047493404 0.5804749340369393 0.8585504617414248 0.601960045231813 0.8404106200527706 0.6306068601583114 0.8311345646437994 0.6441764040708632 0.8233014511873351 0.6441764040708632 0.8164990105540897 0.6351300414624953 0.804955474934037 0.6177911797964568 0.8061922823218998 0.5966830003769318 0.8101088390501319 0.5450433471541651 0.8146437994722955 0.49679607990953634 0.8162928759894459 0.4836034677723332 0.8235075857519789 0.46814926498303805 0.8309284300791557 0.45533358462118356
1 0.9655343007915567 0.5405201658499812 0.9741919525065963 0.5525819826611383 0.9770778364116095 0.5725593667546174 0.9739858179419525 0.6117602713908782 0.9713060686015831 0.6686769694685262 0.9708937994722955 0.6905390124387486 0.9797575857519789 0.7210704862419901 0.99921875 0.7499842159819076 0.99921875 0.7184319638145495 0.9830557387862797 0.6939313984168866 0.9861477572559366 0.6287222012815681 0.9904765831134565 0.5699208443271768 0.9978974274406334 0.5529589144364869
2 0.05792381266490765 0.28232189973614774 0.07400230870712401 0.3098379193366001 0.08451517150395779 0.2966453071993969 0.06823054089709762 0.2676215604975499
2 0.2727160290237467 0.3362231436110064 0.29085587071240104 0.36411609498680736 0.29910125329815307 0.3513004146249529 0.2826104881266491 0.32227666792310594
2 0.4763769788918205 0.42781756502073126 0.48915732189973615 0.4500565397663023 0.4978149736147757 0.44176404070863173 0.48524076517150394 0.4146249528835281
2 0.6847790237467019 0.49453448925744437 0.6985900395778364 0.5201658499811534 0.7043618073878628 0.5096117602713909 0.6915814643799473 0.4836034677723332
2 0.8682387862796833 0.5895212966453072 0.8818436675461742 0.6136449302676216 0.8865847625329815 0.6038447041085564 0.8740105540897097 0.5800980022615906
3 0.020613456464379946 0.2989068978514889 0.0385471635883905 0.2996607614021862 0.03442447229551451 0.313230305314738 0.03504287598944591 0.31963814549566527 0.042051451187335095 0.34677723332076893 0.036073548812664905 0.35243120995099886 0.029271108179419525 0.34828496042216356 0.024530013192612138 0.33886166603844703 0.018345976253298153 0.32906143987938186 0.01958278364116095 0.31172257821334337
3 0.23870382585751976 0.3807010931021485 0.231282981530343 0.37994722955145116 0.22716029023746703 0.3871089332830758 0.2314891160949868 0.3961552958914436 0.2362302110817942 0.4033169996230682 0.24303265171503957 0.4176404070863174 0.24880441952506596 0.41801733886166603 0.24406332453825857 0.3916321145872597
3 0.42855375989445915 0.4643799472295514 0.42257585751978893 0.472672446287222 0.43020283641160945 0.4900113079532605 0.43535620052770446 0.501696192989069 0.44504452506596304 0.5043347154165096 0.4388604881266491 0.4817188088955899 0.4386543535620053 0.4700339238597814 0.43247031662269125 0.4730493780625707
3 0.6394294195250659 0.550697323784395 0.6340699208443271 0.5608744817188089 0.6351005936675461 0.5680361854504334 0.643552110817942 0.5816057293629853 0.6493238786279683 0.5846211835657746 0.6592183377308707 0.58311345646438 0.6503545514511873 0.5612514134941576 0.6499422823218997 0.5503203920090464 0.6452011873350924 0.5525819826611383
3 0.8208278364116095 0.6453071993969092 0.8164990105540897 0.6535996984545797 0.8162928759894459 0.6603844704108557 0.8257750659630607 0.6747078778741048 0.8325775065963061 0.6765925367508481 0.8385554089709762 0.6750848096494535 0.8292793535620053 0.6573690162080663 0.8292793535620053 0.6460610629476065 0.8245382585751979 0.6453071993969092
