0 0.001574612403100789 0.20598006644518274 0.3449612403100776 0.20376522702104097 0.6078003875968992 0.20487264673311184 0.8924418604651162 0.21816168327796237 0.9990310077519379 0.22702104097452933 0.9990310077519379 0.3289036544850498 0.7755571705426356 0.3156146179401993 0.48849321705426363 0.3156146179401993 0.1996124031007752 0.31672203765227025 0.0 0.3222026012723687
1 0.1421673819742489 0.31943592887798894 0.15054989270386265 0.34702636419374616 0.15859710300429183 0.37829552421827095 0.16228540772532188 0.40404659717964436 0.1693267167381974 0.5346413243408952 0.17133851931330474 0.5885959534028203 0.17770922746781115 0.6204782342121398 0.19112124463519314 0.6609442060085837 0.20755096566523604 0.7063151440833844 0.2283395922746781 0.7406499080318824 0.2367221030042918 0.7431023911710607 0.25985783261802575 0.7222562844880441 0.2980820815450643 0.6670754138565297 0.29674087982832614 0.6566523605150214 0.29305257510729615 0.6505211526670754 0.2769581545064378 0.6646229307173513 0.24644581545064378 0.7112201103617413 0.23102199570815452 0.6854690374003678 0.21123927038626608 0.6358062538320048 0.20151555793991416 0.5947271612507664 0.19749195278969955 0.5567136725935009 0.18709763948497854 0.345800122624157 0.197156652360515 0.31146535867565905
1 0.42650214592274677 0.3126916002452483 0.44293186695278963 0.345800122624157 0.448631974248927 0.38136112814224404 0.44527896995708155 0.4463519313304721 0.44293186695278963 0.5364806866952789 0.44293186695278963 0.572041692213366 0.44796137339055797 0.5977927651747394 0.46237929184549353 0.6431637032495402 0.4814914163090129 0.6885346413243408 0.4912151287553648 0.709993868792152 0.5042918454935622 0.7112201103617413 0.5227333690987124 0.6989576946658491 0.5716872317596566 0.6345800122624157 0.5649812231759657 0.6253832004904966 0.5143508583690987 0.6866952789699571 0.5032859442060086 0.6842427958307786 0.4878621244635193 0.6529736358062538 0.4737795064377682 0.6149601471489884 0.46304989270386265 0.5726548129981607 0.4610380901287553 0.5303494788473329 0.46841469957081544 0.3525444512568976 0.47847371244635195 0.3261802575107296 0.4871915236051502 0.30962599632127524
1 0.6866952789699571 0.3126916002452483 0.7027896995708154 0.3366033108522379 0.7101663090128756 0.35744941753525444 0.7108369098712446 0.3893316983445739 0.7111722103004292 0.4763948497854077 0.7101663090128756 0.542611894543225 0.7125134120171673 0.5726548129981607 0.7178782188841202 0.595340282035561 0.7329667381974249 0.6290619251992643 0.747719957081545 0.6646229307173513 0.7614672746781116 0.6879215205395462 0.7755498927038627 0.6946658491722869 0.7949973175965666 0.6695278969957081 0.8171271459227467 0.6358062538320048 0.8382510729613732 0.601471489883507 0.8295332618025751 0.5941140404659718 0.8184683476394851 0.6100551808706315 0.7835971030042919 0.6627835683629675 0.7785675965665236 0.6640098099325566 0.7708556866952789 0.660331085223789 0.7601260729613734 0.6400980993255672 0.733637339055794 0.5769466584917228 0.7282725321888412 0.5561005518087063 0.7272666309012875 0.5199264255058246 0.7296137339055794 0.3629675045984059 0.7356491416309012 0.3476394849785408 0.7406786480686696 0.3298589822194973 0.7426904506437768 0.31882280809319435 0.7463787553648069 0.3133047210300429
1 0.9254291845493562 0.31943592887798894 0.934482296137339 0.33721643163703247 0.9401824034334764 0.3568362967504598 0.9445413090128755 0.36664622930717344 0.9452119098712446 0.39546290619251995 0.9381706008583691 0.4843654199877376 0.9338116952789699 0.5591661557326792 0.9395118025751072 0.5916615573267934 0.9660005364806867 0.6627835683629675 0.9807537553648068 0.6885346413243408 0.9928245708154506 0.6903740036787247 0.99921875 0.6833586756591049 0.99921875 0.6597179644389946 0.9931598712446352 0.6640098099325566 0.9861185622317595 0.6554261189454322 0.9804184549356222 0.6492949110974862 0.955270922746781 0.5800122624156959 0.9499061158798282 0.559779276517474 0.9509120171673819 0.5352544451256898 0.9512473175965666 0.5064377682403434 0.9549356223175967 0.4653586756591048 0.9569474248927039 0.44696505211526666 0.9579533261802575 0.41630901287553645 0.9609710300429184 0.39546290619251995 0.9609710300429184 0.3801348865726548 0.9713653433476395 0.36112814224402207 0.9730418454935622 0.34334763948497854 0.982094957081545 0.3267933782955242 0.9834361587982832 0.3218884120171674
2 0.26790504291845496 0.6787247087676272 0.2749463519313305 0.6897608828939301 0.29506437768240346 0.6756591048436542 0.2987526824034335 0.6658491722869405 0.2957349785407725 0.6535867565910484 0.29305257510729615 0.6462293071735131 0.2762875536480687 0.6633966891477621 0.2689109442060086 0.6756591048436542
2 0.5486381322957199 0.6453585325180656 0.5525899805447471 0.6586992773763202 0.5623176070038911 0.6470261256253474 0.572045233463035 0.6353529738743747 0.5656614785992218 0.623123957754308 0.5583657587548638 0.6347971095052808
2 0.8152358949416343 0.6153418565869928 0.8210116731517509 0.6275708727070596 0.8383390077821012 0.5997776542523625 0.829523346303502 0.5925514174541412 0.8152358949416343 0.6164535853251807
3 0.23796206225680935 0.6998332406892718 0.22549854085603113 0.7126181211784325 0.22124270428015563 0.7292940522512507 0.22884241245136186 0.7409672040022235 0.23613813229571984 0.7420789327404115 0.24556177042801558 0.7348526959421902 0.254681420233463 0.7248471372984991 0.24708171206225682 0.7092829349638688
3 0.4984800583657587 0.6770428015564203 0.4869285019455253 0.688715953307393 0.48510457198443574 0.7003891050583658 0.4933122568093385 0.7087270705947749 0.5015199416342412 0.7137298499166204 0.5094236381322956 0.7115063924402446 0.5155034046692607 0.7037242912729295 0.5088156614785991 0.6898276820455809
3 0.7699416342412452 0.6575875486381324 0.7599100194552528 0.6659255141745415 0.7583900778210116 0.6820455808782657 0.7644698443579767 0.688715953307393 0.7693336575875487 0.6898276820455809 0.77602140077821 0.688160088938299 0.7814931906614786 0.6864924958310172 0.7769333657587548 0.6720400222345748 0.7778453307392996 0.6648137854363536
3 0.985773346303502 0.6592551417454142 0.9766536964980546 0.6664813785436354 0.9745257782101167 0.6781545302946081 0.98090953307393 0.6848249027237354 0.9875972762645915 0.6898276820455809 0.9939810311284047 0.688160088938299 0.997932879377432 0.6848249027237354 0.9951969844357977 0.6709282934963869 0.9936770428015563 0.6625903279599777
