0 0.004310344827586199 0.20751231527093597 0.21443965517241378 0.1939655172413793 0.46969288793103453 0.18041871921182265 0.7067618534482759 0.17302955665024633 0.9303609913793105 0.1767241379310345 0.9990571120689656 0.1767241379310345 0.997710129310345 0.29741379310344823 0.7242726293103449 0.291256157635468 0.4777747844827586 0.2838669950738916 0.31276939655172414 0.29002463054187194 0.1443965517241379 0.29248768472906406 0.0 0.2985997080824667
1 0.9148706896551726 0.291871921182266 0.9205953663793103 0.31527093596059114 0.9249730603448277 0.3589901477832512 0.9256465517241381 0.4039408866995074 0.9216056034482758 0.5899014778325123 0.9229525862068965 0.6163793103448276 0.9273302801724139 0.6570197044334976 0.9377693965517242 0.6921182266009853 0.9522494612068965 0.7376847290640395 0.9610048491379309 0.7444581280788177 0.9764951508620691 0.7444581280788177 0.9828933189655175 0.7346059113300494 0.9990571120689655 0.6798029556650247 0.99921875 0.6573399014778266 0.99921875 0.6311576354679803 0.9906384698275861 0.6391625615763548 0.9636988146551726 0.7161330049261084 0.9562904094827587 0.6933497536945813 0.9461880387931035 0.6576354679802956 0.9404633620689655 0.6225369458128079 0.9384428879310345 0.5985221674876848 0.9418103448275861 0.5104679802955665 0.9445043103448277 0.41933497536945813 0.9498922413793103 0.36761083743842365 0.9569639008620691 0.34790640394088673 0.9633620689655175 0.3312807881773399 0.9636988146551726 0.3060344827586207 0.9741379310344829 0.28817733990147787
1 0.6703933189655172 0.2850985221674877 0.6754445043103449 0.3035714285714286 0.6754445043103449 0.3195812807881774 0.6825161637931034 0.34236453201970446 0.6882408405172413 0.36145320197044334 0.6882408405172413 0.39224137931034486 0.6835264008620691 0.4618226600985222 0.681505926724138 0.5067733990147784 0.6808324353448276 0.5523399014778325 0.681505926724138 0.5825123152709359 0.6848733836206897 0.6311576354679803 0.6919450431034483 0.6705665024630543 0.701037176724138 0.6988916256157636 0.7212419181034483 0.70628078817734 0.7320177801724138 0.685960591133005 0.7397629310344829 0.6582512315270936 0.7471713362068966 0.6293103448275862 0.749865301724138 0.6126847290640395 0.7448141163793104 0.6016009852216749 0.7347117456896552 0.6016009852216749 0.726629849137931 0.6200738916256158 0.7111395474137931 0.6742610837438424 0.705078125 0.646551724137931 0.6983432112068966 0.5991379310344828 0.697332974137931 0.5566502463054188 0.6993534482758621 0.49261083743842365 0.7027209051724138 0.4334975369458129 0.7074353448275862 0.38054187192118233 0.7155172413793104 0.32943349753694584 0.7172009698275862 0.3146551724137931 0.7158539870689655 0.29495073891625617 0.7219154094827587 0.2832512315270936
1 0.43366109913793105 0.28201970443349755 0.43601831896551724 0.29618226600985226 0.43702855603448276 0.3368226600985222 0.4383755387931035 0.3577586206896552 0.43601831896551724 0.47290640394088673 0.4346713362068965 0.5431034482758621 0.43669181034482757 0.5935960591133005 0.4397225215517241 0.6490147783251232 0.44679418103448276 0.6607142857142858 0.4676724137931035 0.6594827586206897 0.47272359913793105 0.6379310344827587 0.48046875 0.602832512315271 0.4814789870689656 0.58128078817734 0.47609105603448276 0.5708128078817735 0.46127424568965514 0.5714285714285714 0.45992726293103453 0.5523399014778325 0.45959051724137934 0.5012315270935961 0.4619477370689656 0.39655172413793105 0.466662176724138 0.33866995073891626 0.4717133620689656 0.3158866995073892 0.4720501077586207 0.29248768472906406 0.4781115301724138 0.2832512315270936
1 0.2622575431034483 0.28448275862068967 0.2689924568965517 0.3060344827586207 0.27741109913793105 0.3349753694581281 0.27673760775862066 0.3762315270935961 0.2726966594827586 0.4618226600985222 0.2716864224137931 0.5178571428571429 0.2679822198275862 0.5252463054187193 0.2679822198275862 0.5486453201970444 0.26697198275862066 0.5862068965517242 0.26697198275862066 0.6065270935960592 0.27101293103448276 0.6133004926108374 0.2784213362068966 0.6176108374384237 0.28919719827586204 0.6219211822660099 0.2918911637931035 0.6126847290640395 0.294921875 0.5221674876847291 0.2986260775862069 0.4261083743842365 0.3023302801724138 0.3435960591133005 0.3063712284482759 0.32512315270935965 0.3073814655172414 0.30295566502463056 0.3073814655172414 0.2857142857142857
1 0.10095635775862069 0.28633004926108374 0.10499730603448273 0.3195812807881774 0.1080280172413793 0.34421182266009853 0.11274245689655171 0.5110837438423645 0.109375 0.5178571428571429 0.11307920258620689 0.5911330049261084 0.11678340517241378 0.5985221674876848 0.1336206896551724 0.5972906403940887 0.13631465517241378 0.5960591133004927 0.1326104525862069 0.49261083743842365 0.1302532327586207 0.3706896551724138 0.13193696120689655 0.3411330049261084 0.13665140086206895 0.3146551724137931 0.1373248922413793 0.291871921182266 0.13698814655172414 0.28078817733990147
1 0.016096443965517227 0.29371921182266014 0.017780172413793087 0.3066502463054187 0.013065732758620673 0.32266009852216754 0.010708512931034468 0.3848522167487685 0.005657327586206882 0.4846059113300493 0.0009428879310344675 0.5240147783251232 0.00127963362068964 0.29125615763546797
2 0.11039563539192401 0.513742789277231 0.12858150237529692 0.5120461486257211 0.13507645486935868 0.5235833050559892 0.13396303444180524 0.5324058364438412 0.11373589667458435 0.5344418052256532 0.10816879453681712 0.5235833050559892
2 0.26831576603325413 0.5361384458771633 0.29559456650831356 0.5391923990498813 0.2922543052256532 0.5167967424499491 0.2716560273159145 0.515439429928741 0.2670167755344418 0.5229046487953851
2 0.45704052850356297 0.5738038683406855 0.4527724168646081 0.5799117746861215 0.4525868467933492 0.5931455717678995 0.45778280878859856 0.5982354937224296 0.4778243764845606 0.5989141499830336 0.4815357779097387 0.5870376654224635 0.47800994655581946 0.5738038683406855 0.4622364904988124 0.5687139463861555
2 0.7283439726840856 0.6148625721072277 0.731313093824228 0.6260604004071938 0.735210065320665 0.6308109942314217 0.7467154097387174 0.6287750254496097 0.7520969418052257 0.6226671191041737 0.7491278206650832 0.6036647438072617 0.7359523456057008 0.5968781812012216 0.7274161223277911 0.6036647438072617
2 0.9927813242280287 0.6318289786223278 0.9894410629453683 0.6430268069222939 0.9888843527315915 0.6542246352222599 0.9946370249406178 0.659993213437394 0.99921875 0.6606138068845907 0.99921875 0.6304716661011198
3 0.11382799325463744 0.5902192242833053 0.11764860876897135 0.6003372681281619 0.13517074198988197 0.5974463984582029 0.1353024873524452 0.5856420139725368
3 0.2674430860033727 0.6005781739339918 0.2695510118043845 0.6126234642254879 0.2710002107925801 0.6169597687304265 0.2901032883642496 0.6167188629245965 0.29168423271500843 0.6128643700313178 0.29207946880269814 0.6025054203806312
3 0.4396342748735245 0.633582269332691 0.4417422006745363 0.6492411467116358 0.4460897976391231 0.6600819079739821 0.46664207419898823 0.660804625391472 0.4691452360876897 0.6461093712358469 0.4441136172006746 0.6405685377017587
3 0.7107662310286679 0.6742953505179475 0.6986456576728499 0.6779089376053963 0.6954837689713322 0.6851361117802939 0.7003583473861721 0.6942905324018309 0.7043107082630692 0.7024813298000482 0.7120836846543002 0.7070585401108167 0.7210423693086003 0.7070585401108167 0.7248629848229343 0.7007949891592388
3 0.9635855817875211 0.7164538665381837 0.9510697723440135 0.7176583955673332 0.9471174114671165 0.7268128161888702 0.9514650084317033 0.7337990845579379 0.9562078414839797 0.739580823897856 0.9625316188870153 0.7424716935678151 0.9730712478920742 0.7429535051794749 0.9782093170320405 0.7383762948687063 0.9811077150084317 0.7313900264996387 0.9703045952782462 0.7335581787521079 0.9564713322091063 0.7284991568296796 0.9641125632377741 0.7191038304023127
