0 0.003391472868217068 0.16500553709856036 0.2613856589147287 0.17165005537098563 0.5508720930232558 0.18604651162790697 0.8179505813953487 0.20598006644518274 0.998425387596899 0.2292358803986711 0.9990310077519379 0.33554817275747506 0.6822916666666667 0.30011074197120713 0.3637354651162791 0.2735326688815061 0.1469234496124031 0.26799557032115173 0.0 0.25918704500481093
1 0.11313100961538465 0.2673992673992674 0.11363181089743593 0.2902930402930403 0.11813902243589747 0.3159340659340659 0.116386217948718 0.3484432234432234 0.10962540064102569 0.4381868131868132 0.10787259615384619 0.5009157509157509 0.112880608974359 0.5787545787545788 0.11738782051282055 0.5865384615384615 0.13316306089743593 0.5902014652014652 0.14893830128205132 0.5361721611721612 0.14993990384615388 0.5141941391941391 0.14568309294871798 0.5077838827838828 0.13466546474358979 0.5059523809523809 0.1286558493589744 0.5151098901098901 0.1269030448717949 0.4885531135531136 0.1341646634615385 0.3608058608058608 0.1389222756410257 0.3054029304029304 0.14468149038461542 0.2806776556776557 0.14468149038461542 0.266025641025641
1 0.3035386029411765 0.273109243697479 0.31170853758169936 0.30952380952380953 0.31247446895424835 0.35294117647058826 0.3094107434640523 0.453781512605042 0.31119791666666663 0.5154061624649859 0.31936785130718953 0.557889822595705 0.3265165441176471 0.5859010270774977 0.33366523692810457 0.6013071895424836 0.3528135212418301 0.6064425770308123 0.35945159313725494 0.5905695611577965 0.3793658088235294 0.5364145658263305 0.37962111928104575 0.5210084033613445 0.37630208333333337 0.5149393090569562 0.36302593954248363 0.5149393090569562 0.35383476307189543 0.5294117647058824 0.3436223447712418 0.5648926237161531 0.3364736519607843 0.5322128851540616 0.3308568218954248 0.5070028011204482 0.3308568218954248 0.46311858076563955 0.3328993055555556 0.3506069094304388 0.3349417892156863 0.30765639589169 0.33979268790849676 0.27450980392156865
1 0.5371476715686275 0.288515406162465 0.5488919526143791 0.33940242763772177 0.5473600898692811 0.3944911297852475 0.5430198120915033 0.5056022408963585 0.5468494689542485 0.5513538748832866 0.5619127859477124 0.6125116713352008 0.5693167892156863 0.6255835667600373 0.5810610702614379 0.6316526610644257 0.5899969362745099 0.6213818860877685 0.6007199754901962 0.5957049486461251 0.623953227124183 0.5326797385620915 0.6221660539215687 0.523342670401494 0.6168045343137256 0.5158730158730158 0.6099111519607844 0.5158730158730158 0.6017412173202615 0.5359477124183006 0.5744229983660131 0.6013071895424836 0.5611468545751634 0.5350140056022409 0.557827818627451 0.5130718954248366 0.5624234068627452 0.4005602240896358 0.5652318218954249 0.35947712418300654 0.5700827205882353 0.33099906629318393 0.5716145833333334 0.2931839402427638
1 0.7845435049019608 0.3123249299719888 0.7962877859477124 0.35901027077497666 0.7916921977124184 0.5266106442577031 0.7985855800653595 0.5508870214752567 0.8233506944444444 0.5994397759103641 0.8414777369281046 0.6204481792717087 0.858328227124183 0.6260504201680672 0.8685406454248366 0.6139122315592903 0.9081137663398693 0.5102707749766574 0.9050500408496731 0.5004668534080299 0.8948376225490196 0.49346405228758167 0.8899867238562091 0.5014005602240896 0.8516901552287581 0.5933706816059757 0.8404564950980392 0.6031746031746031 0.8174785539215685 0.5644257703081232 0.8090533088235293 0.5429505135387488 0.808797998366013 0.5172735760971054 0.810329861111111 0.4112978524743231 0.8151807598039215 0.3688141923436041 0.820797589869281 0.3356676003734827 0.8284569035947712 0.31559290382819793
2 0.1290594362745098 0.517156862745098 0.15012254901960784 0.524859943977591 0.14954810049019607 0.5126050420168067 0.13269761029411764 0.5056022408963585
2 0.3538602941176471 0.5301120448179272 0.36611519607843135 0.5322128851540616 0.3804764093137255 0.5269607843137255 0.3793275122549019 0.5178571428571429 0.36285998774509803 0.5140056022408964
2 0.6031709558823529 0.5350140056022409 0.614468443627451 0.5413165266106443 0.6238511029411764 0.5322128851540616 0.6223192401960784 0.5234593837535014 0.6125536151960784 0.5154061624649859 0.6070006127450981 0.5157563025210083
2 0.8884803921568627 0.5063025210084033 0.8946078431372548 0.5143557422969188 0.9060968137254901 0.5143557422969188 0.9066712622549019 0.5052521008403361 0.9016927083333334 0.4975490196078431 0.8949908088235293 0.49474789915966383
3 0.11278339460784315 0.5679271708683473 0.11737898284313726 0.5836834733893557 0.13384650735294118 0.5906862745098039 0.13671875 0.5794817927170868 0.11680453431372548 0.5738795518207283
3 0.33011642156862747 0.5840336134453782 0.3383501838235294 0.5854341736694678 0.35558363970588236 0.5952380952380952 0.35079656862745096 0.6060924369747899 0.33394607843137253 0.6022408963585434 0.3259037990196078 0.586484593837535
3 0.5742570465686274 0.6025910364145658 0.56640625 0.6053921568627451 0.5623851102941176 0.6106442577030812 0.5696614583333333 0.6239495798319328 0.5813419117647058 0.6281512605042017 0.5865119485294118 0.6239495798319328 0.576937806372549 0.6144957983193277
3 0.8449331848552338 0.6013363028953229 0.837451280623608 0.6013363028953229 0.8339713251670379 0.6092904867960547 0.8447591870824054 0.621380846325167 0.858679008908686 0.6264715240216353 0.8607669821826279 0.6210626789691377 0.8511971046770601 0.6124721603563473
