0 0.0021802325581395483 0.28792912513842744 0.7252906976744187 0.26799557032115173 0.9972141472868217 0.2735326688815061 0.9978197674418604 0.3654485049833887 0.7022771317829457 0.35105204872646734 0.3710029069767442 0.3543743078626799 0.1457122093023256 0.3588039867109634 0.001574612403100789 0.36323366555924697
1 0.06018350290697675 0.36586378737541525 0.0669967296511628 0.3911960132890365 0.060637718023255814 0.5008305647840531 0.056549781976744186 0.4983388704318937 0.052234738372093026 0.5166112956810631 0.05109920058139535 0.5647840531561462 0.05314316860465116 0.5826411960132891 0.07063045058139536 0.5888704318936877 0.0774436773255814 0.5132890365448505 0.08675508720930233 0.3920265780730897 0.09220566860465117 0.36295681063122925
1 0.17986918604651164 0.3600498338870432 0.18145893895348836 0.39617940199335544 0.17351017441860467 0.5348837209302326 0.17373728197674418 0.5988372093023256 0.18191315406976744 0.6025747508305648 0.19326853197674418 0.606312292358804 0.1991733284883721 0.5664451827242525 0.20076308139534885 0.5394518272425249 0.19712936046511628 0.5340531561461793 0.19349563953488375 0.5311461794019934 0.19145167151162792 0.5265780730897011 0.2005359738372093 0.3999169435215947 0.20530523255813954 0.3812292358803987 0.2064407703488372 0.36212624584717606 0.2098473837209302 0.35921926910299007
1 0.335437863372093 0.3546511627906977 0.3449763808139535 0.40157807308970095 0.33998001453488375 0.4738372093023256 0.33725472383720934 0.5269933554817277 0.33657340116279066 0.5539867109634551 0.3390715843023256 0.5938538205980066 0.34384084302325585 0.6154485049833887 0.3574672965116279 0.6216777408637874 0.36064680232558144 0.6104651162790697 0.37359193313953487 0.5473421926910299 0.3695039970930233 0.5394518272425249 0.3635992005813954 0.5361295681063123 0.35951126453488375 0.5431893687707642 0.35088117732558144 0.5813953488372093 0.3477016715116279 0.5490033222591362 0.35337936046511625 0.4655315614617941 0.35951126453488375 0.4024086378737542 0.3667787063953488 0.3762458471760798 0.36655159883720934 0.3583887043189369
1 0.484874636627907 0.3550664451827243 0.48828125 0.3965946843853821 0.4873728197674419 0.4318936877076412 0.4846475290697675 0.518687707641196 0.4844204215116279 0.5577242524916943 0.4878270348837209 0.5847176079734219 0.494640261627907 0.6187707641196014 0.5055414244186046 0.6229235880398671 0.5119004360465117 0.6166943521594684 0.5225744912790697 0.5602159468438539 0.524391351744186 0.5382059800664452 0.5157612645348837 0.5315614617940199 0.511219113372093 0.5431893687707642 0.5016805959302325 0.5876245847176079 0.4957757994186046 0.550249169435216 0.4975926598837209 0.5149501661129569 0.501453488372093 0.39908637873754155 0.5105377906976745 0.3737541528239203 0.5137172965116279 0.3534053156146179
1 0.6706486191860466 0.35299003322259137 0.6785973837209303 0.3999169435215947 0.6736010174418605 0.5245016611295681 0.6726925872093024 0.5510797342192691 0.6799600290697675 0.5892857142857143 0.686546148255814 0.6208471760797342 0.6944949127906976 0.6341362126245847 0.7085755813953488 0.6366279069767442 0.7156159156976745 0.6200166112956811 0.7331031976744187 0.553156146179402 0.7292423691860466 0.5411129568106312 0.7185683139534884 0.5402823920265781 0.7122093023255813 0.5552325581395349 0.6999454941860466 0.6025747508305648 0.6917696220930233 0.5622923588039868 0.6908611918604651 0.5290697674418604 0.6940406976744187 0.4318936877076412 0.696311773255814 0.39617940199335544 0.7017623546511629 0.3737541528239203 0.7019894622093024 0.35132890365448505
1 0.8675508720930234 0.36129568106312293 0.875499636627907 0.37416943521594687 0.87890625 0.4090531561461794 0.8766351744186046 0.4489202657807309 0.8700490552325582 0.5174418604651163 0.8689135174418604 0.5627076411960134 0.8689135174418604 0.5888704318936877 0.8734556686046512 0.6162790697674418 0.8802688953488372 0.6549003322259136 0.888671875 0.6773255813953489 0.9034338662790697 0.6802325581395349 0.9109284156976745 0.6694352159468439 0.9361373546511628 0.6200166112956811 0.9379542151162792 0.6071428571428571 0.9254632994186046 0.6004983388704319 0.920466933139535 0.6088039867109635 0.8961664244186046 0.6540697674418605 0.8877634447674418 0.6104651162790697 0.8836755087209303 0.5780730897009967 0.8845839389534884 0.5498338870431894 0.8893531976744186 0.4775747508305648 0.8952579941860466 0.4032392026578073 0.9016170058139534 0.3837209302325581 0.9011627906976745 0.3617109634551495
2 0.05594576322115387 0.5003434065934066 0.053879957932692325 0.5154532967032966 0.07660381610576925 0.5216346153846154 0.07416240985576925 0.5051510989010989
2 0.18721829927884615 0.5309065934065934 0.18214768629807693 0.5357142857142857 0.18102088341346154 0.5439560439560439 0.20111553485576925 0.5487637362637362 0.20111553485576925 0.5384615384615384 0.19191331129807693 0.5326236263736264
2 0.3652531550480769 0.5381181318681318 0.35999474158653844 0.538804945054945 0.35849233774038464 0.5497939560439561 0.37314077524038464 0.5570054945054945 0.37389197716346156 0.5449862637362637 0.3710749699519231 0.5408653846153846
2 0.515869140625 0.5343406593406593 0.5115497295673077 0.5398351648351648 0.5102351262019231 0.5525412087912087 0.5211275540865384 0.5518543956043955 0.5237567608173077 0.5539148351648351 0.5245079627403846 0.5425824175824177 0.5203763521634615 0.5370879120879121
2 0.7194448617788461 0.5418956043956044 0.7156888521634615 0.5463598901098901 0.7115572415865384 0.5570054945054945 0.7186936598557693 0.559065934065934 0.7256422776442307 0.5542582417582418 0.7329664963942307 0.5580357142857143 0.7320274939903846 0.5470467032967034 0.7262056790865384 0.5418956043956044
2 0.9256497896634617 0.6019917582417582 0.9196401742788461 0.610576923076923 0.9226449819711539 0.6198489010989011 0.9297814002403847 0.6143543956043955 0.936542217548077 0.617445054945055 0.9374812199519231 0.6095467032967034 0.9329740084134617 0.6026785714285714
3 0.05350435697115387 0.5765796703296703 0.07003079927884617 0.5841346153846154 0.07153320312500001 0.5721153846153846 0.05087515024038464 0.5604395604395604
3 0.17613807091346154 0.5982142857142857 0.19341571514423078 0.604739010989011 0.19529371995192307 0.5913461538461539 0.174072265625 0.5879120879120879
3 0.3479755108173077 0.5985576923076923 0.34102689302884615 0.6019917582417582 0.3455341045673077 0.6146978021978022 0.35868013822115385 0.6201923076923077 0.359619140625 0.6133241758241758 0.34947791466346156 0.6054258241758241
3 0.5000939002403846 0.601304945054945 0.4970890925480769 0.6050824175824177 0.49295748197115385 0.6095467032967034 0.4976524939903846 0.6205357142857143 0.5100473257211539 0.6243131868131868 0.5121131310096153 0.6136675824175823
3 0.7001014122596153 0.604739010989011 0.694091796875 0.6177884615384615 0.6865797776442307 0.6198489010989011 0.694091796875 0.6318681318681318 0.7089280348557693 0.6346153846153846 0.7121206430288461 0.6280906593406593 0.7001014122596153 0.6167582417582418
3 0.8954139122596155 0.6548763736263736 0.8903432992788461 0.6624313186813187 0.8843336838942308 0.6665521978021978 0.8890286959134617 0.6768543956043955 0.9038649338942308 0.6802884615384615 0.9081843449519231 0.6734203296703297 0.8978553185096155 0.6627747252747253
