0 0.001574612403100789 0.00221483942414175 0.6677567829457364 0.0 0.9990310077519379 0.00221483942414175 0.9990310077519379 0.03322259136212624 0.7604166666666667 0.03654485049833887 0.512718023255814 0.04983388704318937 0.28439922480620156 0.0697674418604651 0.0 0.10171931602755409
1 0.024942282321899736 0.09913305691669808 0.03030178100263852 0.1206181681115718 0.03689808707124011 0.1424802110817942 0.039783970976253295 0.17075009423294382 0.0387532981530343 0.2540520165849981 0.0391655672823219 0.30644553335846214 0.04308212401055409 0.33660007538635506 0.048647757255936674 0.36901620806634 0.05751154353562006 0.39276290991330565 0.06637532981530343 0.3991707500942329 0.07379617414248021 0.4003015454202789 0.0808047493403694 0.3856012061816811 0.08884399736147756 0.3543158688277422 0.09935686015831134 0.30267621560497554 0.09956299472295514 0.28835280814172637 0.09667711081794195 0.2819449679607991 0.08719492084432717 0.2777987184319638 0.08265996042216359 0.2834526950621937 0.07915567282321899 0.2958914436486996 0.07173482849604221 0.3320768940821711 0.06452011873350924 0.3611006407840181 0.05462565963060686 0.3045608744817188 0.05627473614775726 0.16735770825480586 0.06019129287598944 0.13908782510365625 0.05998515831134564 0.11722578213343385 0.06163423482849604 0.0987561251413494
1 0.25222232404692085 0.07498952660242983 0.26230296920821117 0.11018014243820695 0.2629902859237537 0.2124005027230834 0.2634484970674487 0.2660242982823628 0.2675723973607038 0.28822790113112695 0.2822351539589443 0.31336405529953915 0.2987307551319648 0.32886468370339333 0.31110245601173026 0.33975701717637197 0.3207248900293255 0.3343108504398827 0.33172195747800587 0.2940930037704231 0.35188324780058655 0.22119815668202766 0.35073771994134895 0.21156263091746963 0.34821755865102644 0.2061164641809803 0.3422608137829912 0.20108923334729784 0.33447122434017595 0.2002513615416841 0.33034732404692085 0.21281943862589023 0.3014800219941349 0.31503979891076667 0.2813187316715543 0.28236279849183077 0.2799440982404692 0.14746543778801843 0.2845262096774194 0.11059907834101383 0.28635905425219943 0.07205697528278174
1 0.4810987903225806 0.05320485965647256 0.4909503299120234 0.09761206535400084 0.4916376466275659 0.26099706744868034 0.4939287023460411 0.281524926686217 0.5081332478005864 0.3347297863426896 0.5239415322580645 0.3636363636363636 0.5408953445747801 0.3707582739840804 0.5502886730205279 0.36279849183074986 0.5839671920821115 0.27524088814411396 0.5823634530791788 0.2672811059907834 0.5670133797653959 0.25764558022622536 0.5605984237536656 0.2656053623795559 0.5326475439882697 0.34017595307917886 0.5186721041055719 0.2991202346041056 0.5145482038123167 0.27649769585253453 0.5136317815249267 0.15039798910766652 0.5152355205278593 0.08336824465856724 0.5154646260997067 0.05152911604524508
1 0.7179939516129032 0.04105571847507331 0.728303702346041 0.05571847507331378 0.7333440249266862 0.08546292417260158 0.7338022360703812 0.24759111855886048 0.7374679252199414 0.2731462086300796 0.7491523093841642 0.30791788856304986 0.7681680718475073 0.3489736070381232 0.7871838343108505 0.36321742773355675 0.8011592741935484 0.3514872224549644 0.8414818548387096 0.258902387934646 0.823153409090909 0.24340175953079177 0.7800815615835777 0.33389191453707584 0.7532762096774193 0.2660242982823628 0.7541926319648093 0.09761206535400084 0.758087426686217 0.06367825722664432 0.7574001099706745 0.03937997486384583
1 0.9645115469208211 0.034771679932970256 0.9805489369501466 0.054880603267700036 0.9828399926686217 0.07708420611646417 0.9849019428152493 0.23376623376623376 0.9874221041055717 0.258902387934646 0.99921875 0.29064840211523096 0.9991064882697946 0.03393380812735652
2 0.08065878378378379 0.29498069498069496 0.10029560810810811 0.3065637065637066 0.1019847972972973 0.2888030888030888 0.08234797297297297 0.2749034749034749
2 0.3312922297297297 0.21196911196911195 0.35029560810810806 0.22895752895752894 0.35092905405405406 0.2111969111969112 0.33973817567567566 0.19884169884169886
2 0.558910472972973 0.27065637065637066 0.5673564189189189 0.2768339768339768 0.5836148648648648 0.27876447876447874 0.5836148648648648 0.26679536679536675 0.5665118243243243 0.2552123552123552
2 0.8179898648648649 0.25366795366795364 0.8247466216216216 0.2633204633204633 0.8391047297297296 0.26563706563706563 0.8391047297297296 0.25405405405405407 0.825168918918919 0.2436293436293436
3 0.06440033783783784 0.3633204633204633 0.05764358108108107 0.3772200772200772 0.056165540540540536 0.3888030888030888 0.06102195945945945 0.39729729729729724 0.07411317567567567 0.3984555984555984 0.078125 0.39034749034749033 0.06608952702702703 0.37606177606177604
3 0.30046452702702703 0.31351351351351353 0.29624155405405406 0.31467181467181465 0.2922297297297297 0.3262548262548262 0.3002533783783784 0.3328185328185328 0.31418918918918914 0.338996138996139 0.3171452702702703 0.33320463320463317 0.30532094594594594 0.3216216216216216 0.3002533783783784 0.3127413127413127
3 0.5317957261029411 0.34007352941176466 0.5251895680147058 0.3484768907563025 0.5197323069852942 0.35924369747899154 0.52490234375 0.3650210084033613 0.5421357996323529 0.369485294117647 0.5464441636029411 0.36607142857142855 0.5353860294117647 0.35084033613445376
3 0.7793830422794117 0.33587184873949577 0.7722024356617647 0.3379726890756302 0.7674632352941175 0.3474264705882353 0.7753619025735293 0.3574054621848739 0.7885742187499999 0.36213235294117646 0.7940314797794117 0.3568802521008403 0.7825425091911764 0.3458508403361344
