0 0.001574612403100789 0.20155038759689925 0.6296027131782946 0.3676633444075304 0.865188953488372 0.43853820598006643 0.99921875 0.48269731525545484 0.99921875 0.5813953488372093 0.8258236434108527 0.521594684385382 0.44670542635658916 0.42524916943521596 8.881784197001253e-17 0.313762533297417
1 0.017531988188976378 0.3194600674915636 0.028912401574803147 0.3402699662542182 0.030757874015748032 0.39032620922384703 0.02675935039370079 0.5286839145106862 0.027374507874015748 0.5691788526434196 0.0344488188976378 0.6062992125984252 0.05997785433070866 0.6805399325084364 0.07258858267716536 0.6906636670416199 0.08950541338582677 0.6934758155230596 0.10396161417322836 0.6827896512935883 0.1421013779527559 0.5973003374578177 0.13810285433070865 0.5860517435320585 0.11780265748031496 0.577615298087739 0.08089320866141733 0.6619797525309336 0.056594488188976375 0.5888638920134983 0.055671751968503935 0.5449943757030371 0.062438484251968504 0.3655793025871766 0.06459153543307086 0.3312710911136108
1 0.2826648622047244 0.38470191226096734 0.2937376968503937 0.4145106861642295 0.29281496062992124 0.4550056242969629 0.28512549212598426 0.6046119235095613 0.28481791338582674 0.6372328458942632 0.2937376968503937 0.6704161979752531 0.31311515748031493 0.732283464566929 0.3254183070866142 0.7508436445444319 0.3460260826771654 0.7514060742407199 0.3638656496062992 0.7339707536557929 0.40046751968503935 0.6642294713160855 0.39431594488188976 0.656355455568054 0.3798597440944882 0.6501687289088863 0.33649114173228345 0.7227221597300337 0.3164985236220472 0.6687289088863891 0.30880905511811024 0.6338582677165354 0.3125 0.5343082114735658 0.32111220472440943 0.421822272215973 0.32695620078740156 0.3982002249718785
1 0.5305733267716535 0.4482564679415073 0.5419537401574803 0.4735658042744657 0.5471825787401575 0.49437570303712036 0.5388779527559054 0.6124859392575928 0.5361097440944882 0.669853768278965 0.5413385826771654 0.6957255343082115 0.5533341535433071 0.735658042744657 0.5665600393700787 0.7722159730033745 0.5804010826771654 0.7862767154105738 0.5976254921259843 0.7879640044994376 0.6176181102362205 0.7682789651293589 0.6579109251968503 0.703599550056243 0.6422244094488189 0.6901012373453318 0.5874753937007874 0.767716535433071 0.5825541338582677 0.7649043869516311 0.5610236220472441 0.7086614173228346 0.554564468503937 0.6799775028121485 0.5576402559055118 0.6226096737907761 0.5684055118110236 0.47581552305961755 0.5754798228346456 0.46006749156355453
1 0.774175688976378 0.5095613048368954 0.7898622047244095 0.5579302587176602 0.7870939960629921 0.6062992125984252 0.7794045275590551 0.7058492688413948 0.7794045275590551 0.7452193475815523 0.7870939960629921 0.7722159730033745 0.812623031496063 0.8329583802024747 0.82154281496063 0.8464566929133858 0.845841535433071 0.8492688413948256 0.8602977362204725 0.8250843644544432 0.8925935039370078 0.7716535433070866 0.8793676181102363 0.7609673790776152 0.8427657480314961 0.8155230596175479 0.8283095472440944 0.8307086614173228 0.8006274606299213 0.7615298087739032 0.796628937007874 0.7429696287964004 0.797244094488189 0.7120359955005624 0.8058562992125984 0.593363329583802 0.8092396653543308 0.5517435320584927 0.819697342519685 0.5208098987626546
1 0.9685654527559056 0.5719910011248593 0.9928641732283465 0.608548931383577 0.990095964566929 0.7497187851518561 0.990095964566929 0.7941507311586052 0.99921875 0.8197292838395202 0.9990157480314961 0.5815523059617548
2 0.11163949275362317 0.5962732919254659 0.12032004830917872 0.5990338164251209 0.14145531400966183 0.6017943409247758 0.13805857487922704 0.5824706694271912 0.12032004830917872 0.5748792270531401
2 0.3701690821256039 0.6652864044168393 0.37922705314009664 0.6749482401656315 0.39356884057971014 0.6749482401656315 0.3996074879227053 0.6645962732919255 0.39243659420289856 0.6535541752933057 0.38073671497584544 0.6514837819185646
2 0.6366243961352657 0.6997929606625259 0.642663043478261 0.7066942719116632 0.6551177536231885 0.7129054520358868 0.6554951690821256 0.7018633540372672 0.6422856280193237 0.6908212560386474
2 0.8726946721311475 0.7704918032786884 0.8803790983606558 0.7784543325526931 0.8911372950819672 0.7807962529274005 0.8929303278688524 0.7695550351288055 0.8806352459016393 0.7625292740046838 0.8760245901639344 0.7634660421545667
3 0.08043032786885244 0.6613583138173301 0.06762295081967212 0.6679156908665105 0.06224385245901639 0.6791569086651054 0.06941598360655737 0.6894613583138173 0.09118852459016392 0.6941451990632318 0.10245901639344261 0.6819672131147541 0.08324795081967212 0.6730679156908664
3 0.33683401639344257 0.7241217798594847 0.32402663934426224 0.7259953161592505 0.3165983606557377 0.7362997658079624 0.3250512295081967 0.7508196721311474 0.3460553278688524 0.7498829039812646 0.3529713114754098 0.7428571428571429 0.3391393442622951 0.7297423887587822
3 0.5852971311475409 0.7686182669789227 0.5771004098360655 0.7644028103044496 0.570952868852459 0.7756440281030443 0.5817110655737705 0.785480093676815 0.6009221311475409 0.788758782201405 0.5919569672131147 0.7751756440281029
3 0.8258196721311475 0.8285714285714286 0.813780737704918 0.8323185011709601 0.8232581967213115 0.8468384074941451 0.8424692622950818 0.8496487119437939 0.8365778688524589 0.8398126463700234
