0 0.001574612403100789 0.2713178294573643 0.3552567829457364 0.2170542635658915 0.6501937984496124 0.1760797342192691 0.862766472868217 0.16168327796234774 0.99921875 0.15288987759841158 0.99921875 0.301218161683278 0.6071947674418605 0.34883720930232553 0.28924418604651164 0.41417497231450723 0.0 0.47835156637336257
1 0.12693798449612406 0.45514950166112955 0.1487403100775194 0.5094130675526024 0.1590358527131783 0.5625692137320044 0.16933139534883723 0.760797342192691 0.17659883720930233 0.8205980066445181 0.1965843023255814 0.8737541528239202 0.22625968992248063 0.9357696566998891 0.2510901162790698 0.9778516057585823 0.27228682170542634 0.9955703211517164 0.29045542635658916 0.9933554817275746 0.3540455426356589 0.9468438538205979 0.36312984496124034 0.9280177187153931 0.3697916666666667 0.893687707641196 0.36434108527131787 0.8826135105204872 0.3449612403100776 0.893687707641196 0.2977228682170543 0.9302325581395349 0.28015988372093026 0.9302325581395349 0.2595687984496124 0.9047619047619047 0.23473837209302326 0.8593576965669989 0.21293604651162795 0.8117386489479512 0.20506298449612403 0.7785160575858249 0.1984011627906977 0.7475083056478404 0.18750000000000003 0.4972314507198228 0.19416182170542637 0.4872646733111849 0.20082364341085274 0.46068660022148394 0.2086967054263566 0.4341085271317829
1 0.5296753875968992 0.3709856035437431 0.5423934108527132 0.38870431893687707 0.5508720930232558 0.4152823920265781 0.5551114341085271 0.4407530454042082 0.5514777131782946 0.4872646733111849 0.5417877906976745 0.5847176079734219 0.5339147286821706 0.6677740863787376 0.5363372093023255 0.7054263565891473 0.5472383720930233 0.7452934662236987 0.578125 0.821705426356589 0.5950823643410852 0.8460686600221483 0.6156734496124031 0.8593576965669989 0.6380813953488372 0.8504983388704318 0.701671511627907 0.7984496124031006 0.7077277131782946 0.7796234772978958 0.7077277131782946 0.7619047619047618 0.7004602713178294 0.7497231450719822 0.6901647286821706 0.7541528239202656 0.6241521317829457 0.805094130675526 0.6065891472868217 0.805094130675526 0.5938711240310077 0.7940199335548171 0.5738856589147286 0.7464008859357695 0.5557170542635659 0.6976744186046511 0.5472383720930233 0.6533776301218162 0.5557170542635659 0.5714285714285714 0.5696463178294573 0.44407530454042077 0.5847868217054264 0.41860465116279066 0.5902374031007752 0.4053156146179402 0.5987160852713178 0.3842746400885936 0.6059835271317829 0.37209302325581395 0.6132509689922481 0.3521594684385382
1 0.8521495664739884 0.32039636663914123 0.8656972543352601 0.34929810074318746 0.8697615606936416 0.38810900082576383 0.8616329479768787 0.4516928158546656 0.851246387283237 0.5359207266721717 0.8485368497109826 0.5664739884393063 0.8467304913294799 0.5945499587118085 0.8489884393063584 0.6325350949628407 0.8629877167630058 0.6672171758876961 0.8945989884393064 0.7390586292320396 0.9095014450867053 0.7597027250206441 0.9298229768786127 0.7539223781998349 0.958724710982659 0.7266721717588769 0.9934971098265896 0.6969446738232865 0.9980130057803468 0.6771263418662262 0.9975614161849711 0.653179190751445 0.9912391618497111 0.6440957886044592 0.9776914739884394 0.652353426919901 0.9244039017341041 0.7043765483071841 0.9126625722543352 0.7076796036333608 0.9004696531791907 0.6919900908340215 0.8724710982658961 0.629232039636664 0.8584718208092486 0.5846407927332783 0.8724710982658961 0.46490503715937237 0.8810513005780347 0.3996696944673823 0.8914378612716763 0.3790255986787779 0.9058887283236995 0.3476465730800991 0.9122109826589595 0.33360858794384807 0.916275289017341 0.3236994219653179 0.9198880057803468 0.31544178364987613
2 0.34772398843930635 0.8951279933938893 0.3355310693641619 0.9298100743187447 0.3400469653179191 0.9578860445912469 0.3563041907514451 0.94467382328654 0.3712066473988439 0.8926507018992568 0.36398121387283233 0.8802642444260942
2 0.6864161849710982 0.7563996696944674 0.683706647398844 0.7844756399669695 0.6895773121387283 0.8117258464079274 0.7040281791907514 0.7960363336085879 0.708092485549133 0.7580511973575558 0.698157514450867 0.7423616845582163
2 0.9776914739884394 0.6540049545829894 0.9772398843930636 0.6787778695293146 0.9853684971098267 0.699421965317919 0.996206647398844 0.689512799339389 0.9980130057803468 0.6507018992568125 0.9876264450867053 0.6407927332782825
3 0.2700505780346821 0.9248554913294798 0.25243858381502887 0.9620148637489678 0.25243858381502887 0.9752270850536747 0.263728323699422 0.9867877786952931 0.2744686295761079 0.9985714285714286 0.29263005780346824 0.9933938893476466 0.2867593930635838 0.9653179190751445 0.2935332369942197 0.935590421139554
3 0.5979046242774567 0.800990916597853 0.5929371387283238 0.8216350123864575 0.5920339595375722 0.8406275805119735 0.6033236994219653 0.856317093311313 0.6222904624277457 0.8579686209744013 0.6204841040462428 0.8439306358381503 0.6204841040462428 0.8075970272502063
3 0.9045339595375722 0.7018992568125516 0.8991148843930636 0.7241948802642444 0.8991148843930636 0.7440132122213048 0.9104046242774567 0.7563996696944674 0.9189848265895953 0.7547481420313791 0.9280166184971099 0.7530966143682906 0.9248554913294799 0.7357555739058629 0.9216943641618498 0.7060280759702725
