0 0.000968992248062029 0.2502768549280177 0.13602228682170545 0.24363233665559245 0.41763565891472865 0.23145071982281284 0.6992490310077519 0.23034330011074197 0.8718507751937983 0.23809523809523808 0.9990310077519379 0.24363233665559245 0.9983836206896554 0.3528325123152709 0.6602909482758621 0.3355911330049261 0.32556573275862066 0.3454433497536946 0.0 0.3582835892977881
1 0.061170212765957445 0.3576494427558258 0.0697584219858156 0.3951367781155015 0.07086657801418439 0.4275582573454914 0.0705895390070922 0.47517730496453897 0.068927304964539 0.5202634245187437 0.068927304964539 0.5658561296859169 0.07696143617021275 0.5871327254305978 0.0894281914893617 0.6170212765957447 0.09940159574468085 0.6347517730496455 0.11934840425531915 0.6428571428571429 0.13098404255319146 0.6149949341438703 0.1453900709219858 0.5673758865248227 0.15453235815602834 0.522289766970618 0.15370124113475175 0.5081053698074975 0.14040336879432622 0.5005065856129687 0.13430851063829785 0.5075987841945289 0.1295988475177305 0.5314083080040527 0.12101063829787233 0.5602836879432624 0.11519281914893616 0.5876393110435664 0.10466533687943261 0.6124620060790273 0.08887411347517729 0.5800405268490375 0.08748891843971632 0.5400202634245188 0.0885970744680851 0.4711246200607903 0.09053634751773049 0.4209726443768997 0.09718528368794326 0.3829787234042553 0.09857047872340426 0.35612968591691996
1 0.29582225177304966 0.3480243161094225 0.30274822695035464 0.39007092198581567 0.3046875 0.44022289766970624 0.303302304964539 0.5678824721377913 0.30662677304964536 0.6033434650455928 0.3174312943262411 0.6382978723404256 0.3246343085106383 0.6671732522796353 0.33211436170212766 0.6798378926038501 0.353446365248227 0.6828774062816616 0.3609264184397163 0.6691995947315097 0.3700687056737589 0.6464032421479231 0.381427304964539 0.6225937183383993 0.392508865248227 0.588145896656535 0.38863031914893614 0.5800405268490375 0.3722850177304965 0.574468085106383 0.3667442375886525 0.5805471124620061 0.3628656914893617 0.5952380952380952 0.350675975177305 0.6231003039513677 0.342364804964539 0.6469098277608916 0.33654698581560283 0.6296859169199595 0.3285128546099291 0.5947315096251267 0.32601950354609927 0.5592705167173252 0.3276817375886525 0.4478216818642351 0.32906693262411346 0.39614994934143877 0.33156028368794327 0.36828774062816616 0.33156028368794327 0.3475177304964539
1 0.5329676418439717 0.34042553191489366 0.5462655141843972 0.3586626139817629 0.550144060283688 0.3870314083080041 0.551529255319149 0.416919959473151 0.550144060283688 0.4549138804457954 0.5495899822695035 0.5055724417426546 0.5487588652482269 0.541033434650456 0.5490359042553192 0.5683890577507599 0.5534685283687943 0.5962512664640325 0.5634419326241135 0.6225937183383993 0.5736923758865248 0.6550151975683891 0.582280585106383 0.6717325227963526 0.5914228723404256 0.6818642350557245 0.6005651595744681 0.6864235055724418 0.6110926418439717 0.6788247213779128 0.6205119680851064 0.6610942249240123 0.629654255319149 0.6438703140830802 0.6412898936170213 0.6139817629179332 0.6509862588652482 0.5916919959473151 0.6540336879432624 0.583080040526849 0.6435062056737589 0.5688956433637284 0.6349179964539007 0.5699088145896657 0.6243905141843972 0.5901722391084093 0.5941932624113475 0.6555217831813577 0.5703679078014184 0.5835866261398177 0.569813829787234 0.5075987841945289 0.5759086879432624 0.35815602836879434 0.5761857269503546 0.34042553191489366
1 0.78728945035461 0.3434650455927052 0.8005873226950355 0.36271529888551163 0.804188829787234 0.3829787234042553 0.8058510638297873 0.41286727456940225 0.8050199468085106 0.5298885511651469 0.8050199468085106 0.5587639311043567 0.8080673758865249 0.5795339412360689 0.8122229609929079 0.5997973657548126 0.8496232269503545 0.6742654508611956 0.865691489361702 0.6833839918946303 0.8723404255319149 0.6874366767983789 0.889239804964539 0.6717325227963526 0.9316267730496455 0.5840932117527863 0.9258089539007093 0.5795339412360689 0.9191600177304965 0.5739614994934144 0.9114029255319149 0.5861195542046606 0.8728945035460993 0.6560283687943262 0.8637522163120568 0.6656534954407295 0.8565492021276595 0.6534954407294833 0.8255208333333334 0.5911854103343465 0.8213652482269505 0.5648429584599798 0.8224734042553191 0.5020263424518744 0.8241356382978724 0.4371833839918946 0.8238585992907801 0.3875379939209727 0.82635195035461 0.37284701114488356 0.826628989361702 0.3439716312056738
2 0.13316441441441443 0.5122265122265123 0.1558277027027027 0.5253539253539254 0.15737612612612611 0.5104247104247104 0.1356981981981982 0.4980694980694981
2 0.36528716216216217 0.5894465894465895 0.38978040540540543 0.5974259974259974 0.39287725225225223 0.5812097812097812 0.36753941441441446 0.5737451737451738
2 0.6283783783783784 0.5806949806949807 0.6516047297297297 0.5899613899613899 0.6528716216216217 0.580952380952381 0.6338682432432432 0.5675675675675675
2 0.9142736486486486 0.57992277992278 0.9289132882882883 0.5930501930501931 0.9328547297297298 0.5835263835263835 0.917652027027027 0.5703989703989705
3 0.1044481981981982 0.6123552123552124 0.09769144144144144 0.614929214929215 0.09177927927927929 0.6182754182754183 0.10163288288288289 0.6316602316602317 0.118384009009009 0.6393822393822395 0.12401463963963963 0.6283140283140283
3 0.3424831081081081 0.6458172458172459 0.33727477477477474 0.6604890604890605 0.3298141891891892 0.6574002574002574 0.32516891891891897 0.6656370656370656 0.33403716216216217 0.6787644787644788 0.35191441441441446 0.6828828828828829 0.3581081081081081 0.6738738738738739
3 0.5933277027027027 0.6543114543114543 0.5878378378378379 0.6602316602316602 0.5822072072072072 0.6594594594594595 0.5788288288288289 0.6666666666666667 0.5865709459459459 0.679021879021879 0.6007882882882882 0.6828828828828829 0.6097972972972973 0.6774774774774774
3 0.8638795045045045 0.665894465894466 0.8571227477477479 0.6656370656370656 0.8509290540540541 0.6751608751608752 0.8607826576576576 0.6844272844272845 0.8735923423423424 0.6875160875160875 0.8706362612612614 0.6751608751608752
