0 0.0021802325581395483 0.3499446290143965 0.020954457364341098 0.3743078626799557 0.30075096899224807 0.33665559246954596 0.5926598837209303 0.31450719822812845 0.797359496124031 0.30011074197120713 0.9651162790697674 0.2978959025470653 0.99921875 0.2946704471684424 0.99921875 0.4174972314507198 0.8240067829457363 0.41860465116279066 0.590843023255814 0.4241417497231451 0.3661579457364341 0.4374307862679956 0.20445736434108527 0.4496124031007752 0.041545542635658926 0.4706533776301218 0.025193798449612413 0.47619047619047616 0.04881298449612405 0.5869324473975637 0.04457364341085272 0.6046511627906976 0.022165697674418616 0.6168327796234773 0.001574612403100789 0.6290143964562569
1 0.1523851590106007 0.45583038869257947 0.16480786219081273 0.4765270065623422 0.17723056537102472 0.49318525996971224 0.18330388692579505 0.5174154467440686 0.20980565371024734 0.6845027763755679 0.21394655477031801 0.712266532054518 0.21201413427561838 0.7168096920747097 0.21229019434628973 0.7284199899040888 0.22112411660777384 0.7698132256436143 0.22719743816254417 0.7718324078748107 0.24210468197879859 0.7672892478546188 0.24238074204946997 0.752145381120646 0.2318904593639576 0.6834931852599697 0.21449867491166077 0.5653710247349822 0.20511263250883394 0.48965169106511863 0.2026280918727915 0.45027763755678946
1 0.330719964664311 0.44270570418980315 0.33651722614840984 0.46340232205956583 0.3442469081272085 0.49873801110550225 0.3500441696113074 0.5259969712266532 0.36743595406360424 0.6168601716304897 0.37461351590106007 0.6607773851590105 0.38234319787985865 0.6915699141847551 0.40221952296819785 0.7607269056032308 0.40912102473498235 0.7758707723372035 0.415470406360424 0.7748611812216052 0.42927340989399293 0.763250883392226 0.4317579505300353 0.7269056032306915 0.42982553003533563 0.7132761231701161 0.42458038869257947 0.712771327612317 0.41436616607773846 0.7208480565371025 0.4113295053003533 0.712266532054518 0.39614620141342755 0.6552246340232205 0.3889686395759717 0.6229177183240787 0.3743374558303887 0.5325593134780414 0.3696444346289752 0.4926804644119132 0.3696444346289752 0.4628975265017668 0.370196554770318 0.45280161534578495 0.3682641342756184 0.43715295305401314
1 0.5424580388692579 0.4275618374558304 0.5526722614840989 0.441696113074205 0.5604019434628975 0.46239273094396766 0.5656470848056536 0.475012619888945 0.569511925795053 0.5012619888944977 0.5830388692579505 0.6471479050984351 0.5866276501766785 0.6678445229681979 0.5971179328621907 0.7223624432104997 0.6081603356890459 0.7713276123170115 0.6186506183745583 0.7889954568399798 0.6390790636042403 0.7799091367995962 0.6437720848056536 0.757698132256436 0.6495693462897527 0.7319535588086824 0.6495693462897527 0.7203432609793033 0.6448763250883391 0.7158001009591115 0.6310733215547704 0.7248864209994952 0.6255521201413428 0.7324583543664815 0.6225154593639576 0.718324078748107 0.6109209363957597 0.663301362948006 0.6031912544169611 0.6062594649167087 0.5924249116607774 0.48359414437152953 0.5918727915194346 0.45330641090358403 0.5918727915194346 0.4336193841494194 0.5913206713780919 0.42251388187783945
1 0.7713118374558304 0.4189803129732458 0.7765569787985865 0.4356385663806158 0.7809739399293286 0.46340232205956583 0.7862190812720848 0.4886420999495204 0.7884275618374559 0.5325593134780414 0.7956051236749117 0.6456335184250379 0.7986417844522968 0.6713780918727915 0.8033348056537102 0.701665825340737 0.8143772084805654 0.7491166077738516 0.822935070671378 0.7799091367995962 0.8339774734982331 0.8056537102473499 0.8441916961130742 0.8167592125189299 0.870417402826855 0.8006057546693588 0.888637367491166 0.7718324078748107 0.8891894876325088 0.7612317011610298 0.8850485865724382 0.757698132256436 0.8792513250883391 0.762241292276628 0.8687610424028268 0.768803634528016 0.8555101590106007 0.784452296819788 0.8499889575971732 0.7763755678950024 0.8370141342756183 0.7304391721352852 0.8248674911660776 0.6804644119131751 0.8196223498233215 0.6511862695608278 0.8160335689045937 0.5840484603735486 0.810512367491166 0.469459868753155 0.8118926678445229 0.4452296819787986 0.8248674911660776 0.4174659262998486
2 0.21339443462897525 0.729934376577486 0.22885379858657245 0.7264008076728925 0.2368595406360424 0.7168096920747097 0.23382287985865724 0.7021706208985361 0.22471289752650175 0.6996466431095406 0.2153268551236749 0.7067137809187279 0.21118595406360424 0.7168096920747097
2 0.4093970848056537 0.7334679454820798 0.411053445229682 0.7430590610802624 0.41878312720848054 0.7420494699646643 0.43369037102473496 0.7284199899040888 0.42982553003533563 0.7132761231701161 0.42292402826855124 0.7112569409389197 0.4107773851590106 0.7208480565371025
2 0.6244478798586572 0.7319535588086824 0.6214112190812721 0.7460878344270571 0.6305212014134275 0.7476022211004543 0.6481890459363957 0.7370015143866734 0.6492932862190812 0.7203432609793033 0.6437720848056536 0.7137809187279152 0.627208480565371 0.7253912165572943
2 0.8624116607773852 0.7743563856638063 0.8646201413427562 0.7900050479555779 0.8894655477031803 0.7738515901060071 0.8889134275618374 0.7617364967188288 0.8853246466431095 0.7561837455830388 0.8662765017667844 0.7682988389702171
3 0.22029593639575973 0.7612317011610298 0.2404483215547703 0.7501261988894499 0.24210468197879859 0.7672892478546188 0.22609319787985865 0.7703180212014135
3 0.400839222614841 0.756688541140838 0.40608436395759717 0.7708228167592124 0.4113295053003533 0.7748611812216052 0.4287212897526501 0.762241292276628 0.42899734982332155 0.7501261988894499 0.41436616607773846 0.7612317011610298 0.40774072438162545 0.752145381120646
3 0.6081603356890459 0.7708228167592124 0.6131294169611308 0.7819283190307924 0.6200309187279152 0.790509843513377 0.6393551236749117 0.778899545683998 0.6423917844522968 0.7657748611812215 0.6222393992932862 0.7758707723372035 0.6169942579505301 0.7682988389702171 0.6214112190812721 0.7486118122160524
3 0.8301126325088338 0.7990913679959616 0.8375662544169611 0.8112064613831399 0.8450198763250883 0.8147400302877335 0.8709695229681979 0.8006057546693588 0.8527495583038869 0.8086824835941443 0.844743816254417 0.8011105502271579 0.8546819787985867 0.784452296819788 0.8488847173144876 0.773346794548208
