0 0.000968992248062029 0.17275747508305647 0.5890261627906976 0.2502768549280177 0.9336240310077519 0.31672203765227025 0.99921875 0.33617251803298315 0.998425387596899 0.4462901439645626 0.8118943798449612 0.40863787375415284 0.5502664728682171 0.3588039867109634 0.23231589147286824 0.31672203765227025 0.0 0.2879591177556294 0.0 0.1672203765227021
1 0.0005471789883268344 0.5931072818232352 0.01574659533073929 0.5497498610339078 0.037329766536964966 0.5580878265703169 0.0418895914396887 0.5692051139521956 0.031553988326848234 0.5992217898832685 0.014226653696498042 0.6475819899944414 0.0005471789883268344 0.6642579210672597
1 0.21394698443579765 0.31517509727626464 0.22306663424124515 0.33185102834908287 0.22762645914396887 0.38187882156753755 0.22124270428015563 0.5530850472484714 0.22428258754863814 0.58532518065592 0.2431298638132296 0.6459143968871596 0.2616731517509728 0.6937187326292386 0.282648346303502 0.699277376320178 0.2978477626459144 0.6781545302946081 0.3373662451361868 0.594219010561423 0.3300705252918288 0.5858810450250139 0.31699902723735407 0.5792106725958867 0.30939931906614787 0.5903279599777654 0.2732247081712062 0.6670372429127294 0.24464980544747084 0.5831017231795442 0.24556177042801558 0.5430794886047805 0.2531614785992218 0.38132295719844356 0.2568093385214008 0.35519733185102836 0.2568093385214008 0.3229571984435798
1 0.5091196498054474 0.3540856031128405 0.5212791828793775 0.38632573652028906 0.5224951361867703 0.4230127848804892 0.5173273346303502 0.4980544747081712 0.5057757782101168 0.594219010561423 0.5054717898832685 0.6481378543635353 0.5200632295719844 0.7426347971095054 0.5285749027237354 0.7687604224569206 0.5528939688715953 0.7715397443023904 0.6051799610894941 0.7115063924402446 0.6012281128404668 0.7020566981656476 0.5881566147859922 0.6981656475819901 0.5671814202334631 0.7198443579766537 0.54164640077821 0.7448582545858811 0.5258390077821011 0.6442468037798778 0.5279669260700388 0.6058921623123957 0.5434703307392996 0.45747637576431355 0.5471181906614786 0.3974430239021679 0.55380593385214 0.35964424680377993
1 0.7662937743190661 0.4007782101167316 0.7802772373540856 0.443579766536965 0.7775413424124513 0.48860478043357425 0.7732855058365758 0.6114508060033352 0.7711575875486381 0.6481378543635353 0.7802772373540856 0.7020566981656476 0.7900048638132295 0.7320733740967205 0.8052042801556419 0.7709838799332963 0.8179717898832685 0.7859922178988328 0.8340831712062255 0.7898832684824904 0.8462427042801556 0.7809894385769873 0.8960967898832685 0.7109505280711507 0.8973127431906616 0.699277376320178 0.8802893968871596 0.6898276820455809 0.8742096303501945 0.6981656475819901 0.8273954280155642 0.7670928293496388 0.8204036964980546 0.755419677598666 0.795476653696498 0.67982212340189 0.7927407587548638 0.6431350750416899 0.8006444552529184 0.5097276264591439 0.8049002918287937 0.42468037798777103 0.808852140077821 0.4113396331295164
2 0.00863486842105263 0.5721804511278195 0.025493421052631575 0.575187969924812 0.04235197368421052 0.5706766917293233 0.03453947368421052 0.5541353383458647 0.013569078947368422 0.5488721804511277
2 0.30838815789473684 0.5962406015037593 0.31496710526315785 0.6030075187969924 0.3334703947368421 0.6037593984962405 0.3379934210526315 0.5924812030075187 0.3178453947368421 0.5796992481203007
2 0.5805114549839228 0.7069361506660542 0.5890524517684887 0.7165824529168581 0.6018639469453376 0.7170418006430868 0.6061344453376205 0.709232889297198 0.6006079180064308 0.7005052824988517 0.588550040192926 0.6986678915939366
2 0.8706541398713826 0.7041800643086817 0.8784415192926044 0.7106109324758842 0.8937650723472668 0.712907671107028 0.8965283360128617 0.7041800643086817 0.8940162781350482 0.6963711529627928 0.8807023713826366 0.690399632521819
3 0.2717795418006431 0.666054203031695 0.2614801045016077 0.6715663757464401 0.2554511655948553 0.683050068902159 0.2637409565916399 0.6926963711529628 0.2823301848874598 0.6972898484152503 0.2883591237942122 0.6899402847955903 0.27655245176848875 0.6779972439136427
3 0.5415745578778135 0.7441433164905834 0.5285118569131833 0.746899402847956 0.5232365353697749 0.7496554892053284 0.5295166800643086 0.7661920073495636 0.5546372588424437 0.7666513550757924 0.544840233118971 0.7570050528249885
3 0.826441921221865 0.7666513550757924 0.8189057475884244 0.7680293982544786 0.8073502813504823 0.7698667891593937 0.8166448954983923 0.7845659163987138 0.8410118569131833 0.7854846118511712 0.8307124196141478 0.7762976573265962
