0 0.3425387596899225 0.0011074197120708748 0.4127906976744186 0.07751937984496124 0.5672238372093024 0.24806201550387597 0.716812015503876 0.4174972314507198 0.8869912790697674 0.610188261351052 0.99921875 0.7444518861478286 0.99921875 0.8372093023255813 0.9015261627906975 0.7242524916943521 0.5339147286821706 0.30454042081949056 0.32013081395348836 0.06866002214839424 0.26380813953488375 0.0
1 0.030507915567282322 0.0007538635506973238 0.03153858839050132 0.012438748586505842 0.029064973614775724 0.024877497173011683 0.010100593667546174 0.05729362985299661 0.006184036939313984 0.05880135695439125 0.0008245382585751979 0.05013192612137203 0.0006184036939313984 0.0015077271013946476
1 0.16428924802110817 0.0007538635506973238 0.15892974934036938 0.023746701846965697 0.1506843667546174 0.05616283452695062 0.14429419525065962 0.08594044477949492 0.13955310026385223 0.11119487372785526 0.13543040897097625 0.1413494157557482 0.13110158311345646 0.18168111571805504 0.13089544854881266 0.2009046362608368 0.14305738786279681 0.2125895212966453 0.15336411609498682 0.19411986430456088 0.16284630606860157 0.16773464003015454 0.16346470976253297 0.1541650961176027 0.1568684036939314 0.1454956652845835 0.1502720976253298 0.15001884658876743 0.14676781002638523 0.156049754994346 0.15253957783641162 0.11232566905390123 0.16428924802110817 0.06784771956275915 0.17294689973614777 0.03015454202789295 0.18119228232189974 0.0011307953260459855 0.17810026385224273 0.0015077271013946476
1 0.33847295514511877 0.08857896720693555 0.33538093667546176 0.1206181681115718 0.33435026385224276 0.15001884658876743 0.32981530343007914 0.16547304937806256 0.3221883245382586 0.19638145495665282 0.3098202506596306 0.24085940444779494 0.303223944591029 0.26272144741801734 0.29683377308707126 0.3015454202789295 0.29415402374670185 0.3316999623068224 0.29209267810026385 0.3599698454579721 0.29250494722955145 0.3844704108556351 0.3092018469656992 0.3976630229928383 0.32095151715039577 0.37994722955145116 0.33455639841688656 0.3569543912551828 0.33703001319261217 0.34677723332076893 0.33249505277044855 0.33886166603844703 0.32548647757255933 0.3343384847342631 0.31909630606860157 0.3343384847342631 0.3108509234828496 0.34941575574820954 0.310438654353562 0.33660007538635506 0.31600428759894456 0.29212212589521297 0.3215699208443272 0.2713908782510366 0.33558707124010556 0.21786656615152655 0.3477490105540897 0.17753486618921974 0.3547575857519789 0.156049754994346 0.3623845646437995 0.1413494157557482 0.36795019788918204 0.1206181681115718 0.36753792875989444 0.11647191858273652
1 0.4988456464379947 0.2649830380701093 0.5027622031662269 0.288729739917075 0.4965781662269129 0.3294383716547305 0.4780260554089709 0.3848473426309838 0.4654518469656992 0.4221635883905013 0.4594739445910291 0.4398793818318884 0.45308377308707126 0.46174142480211083 0.44875494722955145 0.49604221635883905 0.4429831794195251 0.5375047116471918 0.4405095646437995 0.5638899359215982 0.4423647757255937 0.5816057293629853 0.45432058047493407 0.5925367508480964 0.4660702506596306 0.5883905013192612 0.48235488126649073 0.57745947983415 0.48812664907651715 0.5721824349792688 0.48585916886543534 0.5608744817188089 0.4784383245382585 0.5544666415378816 0.4701929419525066 0.556351300414625 0.4570003298153035 0.5646437994722955 0.4567941952506597 0.5529589144364869 0.4668947889182058 0.4805880135695439 0.4767892480211081 0.44930267621560493 0.48833278364116095 0.4104787033546928 0.5126566622691293 0.34300791556728233 0.524200197889182 0.32189973614775724 0.5293535620052771 0.3004146249528835
1 0.6672575857519789 0.4538258575197889 0.6691127968337731 0.5084809649453449 0.6621042216358839 0.5348661892197512 0.6381926121372031 0.6226912928759895 0.6287104221635884 0.6539766302299284 0.6237631926121372 0.6954391255182811 0.6231447889182058 0.7436863927629099 0.6247938654353562 0.7787410478703355 0.6289165567282322 0.7926875235582359 0.6439643799472295 0.8009800226159065 0.681480870712401 0.7862796833773086 0.684572889182058 0.7828872973991708 0.6839544854881267 0.7719562759140596 0.6742661609498681 0.7651715039577837 0.6633410290237467 0.7685638899359216 0.6410784960422163 0.7783641160949869 0.6398416886543535 0.7689408217112702 0.6394294195250659 0.7052393516773464 0.6431398416886543 0.6698077647945722 0.6567447229551451 0.6215604975499435 0.6790072559366754 0.5480588013569544 0.6921998680738787 0.5062193742932529 0.7053924802110818 0.4918959668300038
1 0.8618486147757256 0.6765925367508481 0.8608179419525065 0.7218243497926875 0.8599934036939313 0.7470787787410479 0.8455639841688655 0.7968337730870713 0.8301038918205805 0.8514888805126272 0.8220646437994723 0.8820203543158688 0.8193848944591029 0.896343761779118 0.8160867414248021 0.9272521673577082 0.8150560686015831 0.9841688654353561 0.8148639612426797 0.9985714285714286 0.8826682058047494 0.9985714285714286 0.8771025725593666 0.9894459102902374 0.8686510554089709 0.9943460233697701 0.8599856736477574 0.9985714285714286 0.8259812005277045 0.9973614775725593 0.8259812005277045 0.9540143234074633 0.8286609498680738 0.9046362608367885 0.8375247361477574 0.8684508104033171 0.8571075197889183 0.8039954768186959 0.8700939973614776 0.7621560497549943 0.8795761873350922 0.7455710516396532 0.882874340369393 0.7289860535243121 0.8950362796833773 0.7203166226912928 0.9016325857519789 0.7199396909159442
2 0.011844023323615161 0.0066638900458142435 0.0296100583090379 0.02457309454394002 0.03074890670553936 0.0012494793835901706 0.012755102040816327 0.0012494793835901706
2 0.14713921282798834 0.15951686797167847 0.16126093294460642 0.1749271137026239 0.16558855685131196 0.1574344023323615 0.15306122448979592 0.14244064972927947
2 0.3150054664723032 0.3440233236151603 0.3186497813411079 0.35193669304456476 0.33368258017492713 0.3577675968346522 0.3366435860058309 0.3473552686380674 0.3334548104956268 0.3373594335693461 0.3211552478134111 0.33277800916284883
2 0.47171100583090375 0.5568513119533528 0.4689777696793002 0.5689296126613911 0.48241618075801745 0.5776759683465222 0.48811042274052474 0.5718450645564348 0.48560495626822153 0.5610162432319866 0.47786078717201164 0.5547688463140358
2 0.6653152332361516 0.7692628071636818 0.6664540816326531 0.7813411078717202 0.6817146501457725 0.7863390254060807 0.6846756559766763 0.7842565597667639 0.6844478862973761 0.768429820907955 0.6726038629737608 0.7650978758850479
2 0.8586916909620991 0.9983340274885464 0.8778243440233237 0.9895876718034152 0.8830630466472303 0.997917534360683
3 0.0011388483965014576 0.03331945022907122 0.011616253644314869 0.05372761349437734 0.006149781341107871 0.059142024156601414 0.001822157434402332 0.051228654727196996
3 0.1321064139941691 0.17451062057476052 0.13575072886297374 0.1828404831320283 0.1428115889212828 0.21199500208246563 0.13096756559766762 0.19991670137442732
3 0.2931395772594752 0.3527696793002915 0.29200072886297374 0.3752603082049146 0.29541727405247814 0.3844231570179092 0.3099945335276968 0.3960849645980842 0.29974489795918363 0.37817576009995835 0.30156705539358597 0.36151603498542273
3 0.45531158892128276 0.5601832569762598 0.4411898688046647 0.556018325697626 0.44164540816326525 0.5772594752186588 0.44551749271137026 0.5830903790087463 0.4564504373177843 0.5926697209496044 0.4509839650145772 0.5789254477301125 0.45462827988338195 0.5651811745106206
3 0.6402605685131195 0.770512286547272 0.6293276239067055 0.7680133277800916 0.6243166909620991 0.770512286547272 0.6272776967930029 0.7867555185339441 0.6334274781341108 0.7938359017076217 0.6454992711370262 0.800499791753436 0.6382106413994169 0.790920449812578 0.6404883381924198 0.7784256559766765
