0 0.0027858527131783078 0.14950166112956811 0.19718992248062017 0.15503875968992248 0.4697189922480621 0.16500553709856036 0.7398255813953488 0.17829457364341086 0.99921875 0.2059355373308862 0.998425387596899 0.2857142857142857 0.7204457364341085 0.25249169435215946 0.5157461240310077 0.23588039867109634 0.33648255813953487 0.22702104097452933 0.12875484496124032 0.2170542635658915 0.0 0.21485391374545904 0.0 0.150609080841639
1 0.07255936675461741 0.21635883905013195 0.08719492084432717 0.25329815303430075 0.09028693931398417 0.2868450810403317 0.09688324538258575 0.4379947229551451 0.10286114775725594 0.4462872220128157 0.1156414907651715 0.4440256313607237 0.10966358839050132 0.3068224651338108 0.10595316622691293 0.21447418017338862
1 0.19871372031662268 0.21975122502826988 0.20551616094986808 0.26837542404824727 0.21417381266490768 0.3784395024500565 0.22324373350923482 0.44025631360723705 0.2308707124010554 0.46400301545420275 0.24550626649076518 0.4632491519035055 0.24901055408970976 0.41575574820957406 0.24426945910290238 0.4070863173765548 0.2349934036939314 0.40972483980399543 0.22984003957783644 0.3754240482472673 0.22118238786279684 0.2740294006784772 0.22241919525065962 0.2570674707877874 0.22468667546174143 0.238597813795703 0.22468667546174143 0.21786656615152655
1 0.3399158970976253 0.22201281568036185 0.34609993403693934 0.24500565397663024 0.3524901055408971 0.2698831511496419 0.35516985488126646 0.3479080286468149 0.35702506596306066 0.4067093856012061 0.3615600263852243 0.4549566528458349 0.36753792875989444 0.4783264229174519 0.37763852242744067 0.48134187712024123 0.38567777044854884 0.47606483226536 0.3914495382585752 0.4229174519411986 0.3877391160949868 0.41575574820957406 0.37495877308707126 0.4165096117602714 0.37310356200527706 0.3731624575951753 0.37124835092348285 0.2989068978514889 0.37248515831134565 0.25782133433848475 0.37413423482849606 0.23784395024500565 0.37330969656992086 0.22389747455710518
1 0.4796751319261213 0.23256690539012437 0.48668370712401055 0.24764417640407085 0.48627143799472294 0.2702600829249906 0.48895118733509235 0.290991330569167 0.49039412928759896 0.3716547304937806 0.49121866754617416 0.40633245382585753 0.4953413588390501 0.44327176781002636 0.5002885883905013 0.48284960422163586 0.5091523746701847 0.5054655107425556 0.5233756596306068 0.5077271013946475 0.5318271767810027 0.48398039954768185 0.5384234828496042 0.46701846965699206 0.5369805408970977 0.4557105163965322 0.5270860817941952 0.4557105163965322 0.5219327176781003 0.4643799472295514 0.5178100263852243 0.4741801733886167 0.5097707783641161 0.42367131549189596 0.5083278364116095 0.36562382208820204 0.5062664907651715 0.2796833773087071 0.5108014511873351 0.2521673577082548 0.5101830474934037 0.24387485865058425 0.5151302770448549 0.23407463249151902
1 0.6579815303430079 0.24425179042593292 0.6635471635883905 0.25631360723709007 0.6662269129287599 0.2702600829249906 0.6697312005277045 0.2796833773087071 0.6730293535620053 0.28910667169242366 0.6738538918205805 0.3034300791556728 0.6752968337730871 0.3252921221258952 0.6757091029023747 0.3607237090086694 0.6742661609498681 0.3784395024500565 0.6748845646437995 0.41424802110817943 0.6769459102902375 0.4500565397663023 0.6792133905013192 0.4700339238597814 0.6911691952506597 0.5175273275537128 0.6973532321899736 0.5318507350169619 0.7070415567282322 0.5359969845457971 0.7121949208443271 0.5344892574444026 0.7309531662269129 0.4862419901997738 0.7309531662269129 0.47870335469280056 0.7262120712401055 0.47229551451187335 0.721677110817942 0.47380324161326803 0.7045679419525066 0.5205427817565021 0.7012697889182058 0.5122502826988315 0.6981777704485488 0.5013192612137203 0.6919937335092349 0.4802110817941952 0.6878710422163589 0.45646437994722955 0.6864281002638523 0.41613267998492276 0.6858096965699209 0.3829626837542405 0.6862219656992085 0.32566905390124384 0.6878710422163589 0.2996607614021862 0.6921998680738787 0.27704485488126646 0.6921998680738787 0.25857519788918204 0.6911691952506597 0.24839803995476817
1 0.8313406992084433 0.26234451564266864 0.835669525065963 0.2860912174896344 0.8406167546174143 0.3200150772710139 0.839998350923483 0.34677723332076893 0.8402044854881267 0.4602336977007162 0.8424719656992083 0.47644176404070865 0.8474191952506596 0.5013192612137203 0.8550461741424803 0.5284583490388239 0.861436345646438 0.5503203920090464 0.8680326517150396 0.5582359592913683 0.8804007255936674 0.5571051639653223 0.9010141820580475 0.5099886920467395 0.9001896437994723 0.49981153411232565 0.8923565303430079 0.4952883528081417 0.8869970316622691 0.5092348284960422 0.8725676121372032 0.5412740294006785 0.8626731530343008 0.5186581228797588 0.8540155013192612 0.48435733132303055 0.8505112137203167 0.4598567659253675 0.8513357519788919 0.34376177911797967 0.8546339050131927 0.3094609875612514 0.8587565963060685 0.29815303430079154 0.863497691292876 0.2894836034677723 0.8639099604221636 0.27742178665661515 0.865559036939314 0.2710139464756879 0.8692694591029024 0.2661138333961553
2 0.09526617250673856 0.38236426646130145 0.09463443396226418 0.3983442433577204 0.11485006738544476 0.39333846746245665 0.1124284029649596 0.3773584905660377
2 0.23387667181069957 0.41005291005291 0.229857896090535 0.41975308641975306 0.23130465534979425 0.4312169312169312 0.24705825617283952 0.42357436801881243 0.24866576646090538 0.4144620811287478 0.24464699074074076 0.40770135214579656
2 0.3769450874485597 0.41945914168136383 0.37180105452674894 0.42151675485008816 0.3701935442386831 0.43327454438565544 0.37919560185185186 0.4344503233392122 0.38964441872427985 0.4303350970017636 0.38916216563786005 0.41975308641975306 0.384178883744856 0.4174015285126396
2 0.5219425154320987 0.4653145208700764 0.5227462705761317 0.4732510288065843 0.5364101080246914 0.4720752498530276 0.5386606224279835 0.4664902998236331 0.5365708590534979 0.45561434450323335 0.5262827932098765 0.45561434450323335
2 0.7222382973251029 0.47442680776014107 0.7264178240740741 0.4717813051146384 0.7305973508230452 0.4785420340975896 0.7307581018518519 0.4876543209876543 0.7199877829218106 0.49029982363315694 0.7166120113168724 0.4853027630805408
2 0.8868473508230453 0.5082304526748971 0.8902231224279834 0.5146972369194591 0.9003504372427983 0.5105820105820106 0.9000289351851851 0.4997060552616108 0.8926343878600823 0.4950029394473838
3 0.8714152520576132 0.5417401528512639 0.8638599537037036 0.5461493239271017 0.8627346965020577 0.5514403292181069 0.8685217335390947 0.5584950029394473 0.8770415380658436 0.5570252792475014 0.8805780606995885 0.5529100529100529 0.8717367541152263 0.5464432686654909
3 0.702465920781893 0.5173427395649618 0.6982863940329218 0.5238095238095237 0.6965181327160493 0.5308641975308641 0.7019836676954732 0.5355673133450911 0.7077707047325102 0.5355673133450911 0.7122717335390946 0.5355673133450911 0.7035911779835391 0.5288065843621399 0.7026266718106996 0.5220458553791887
3 0.5159947273662551 0.475896531452087 0.5057066615226338 0.4876543209876543 0.503295396090535 0.49382716049382713 0.5082786779835391 0.5058788947677836 0.522264017489712 0.5061728395061728 0.5256397890946503 0.5041152263374485 0.513744212962963 0.4979423868312757 0.5092431841563786 0.4926513815402704
3 0.36472800925925924 0.4691358024691358 0.36987204218106995 0.47795414462081126 0.38369663065843623 0.47736625514403286 0.3848218878600823 0.46854791299235743 0.36890753600823045 0.467960023515579 0.36553176440329216 0.4573780129335685 0.36151298868312753 0.4497354497354497
3 0.22551761831275718 0.44238683127572015 0.22841113683127573 0.4600235155790711 0.23339441872427985 0.46619635508524393 0.24207497427983538 0.4632569077013521 0.24673675411522633 0.45708406819517927 0.2378954475308642 0.45385067607289825 0.23146540637860086 0.45385067607289825 0.22889338991769548 0.4462081128747795
3 0.09723829732510289 0.4370958259847148 0.09997106481481483 0.4438565549676661 0.11379565329218108 0.44326866549088767 0.11492091049382717 0.43004115226337447 0.09675604423868314 0.4297472075249853
