0 0.003997093023255827 0.017718715393134 0.0021802325581395483 0.13510520487264674 0.22504844961240314 0.12181616832779625 0.4751695736434109 0.10963455149501661 0.7446705426356589 0.10299003322259137 0.9657218992248062 0.10963455149501661 0.998425387596899 0.11295681063122924 0.99921875 0.07632613510519921 0.99921875 0.004429678848283499 0.2292877906976744 0.00221483942414175
1 0.06946734828496041 0.07048624199019977 0.07606365435356201 0.09347908028646815 0.077094327176781 0.12551828119110442 0.06740600263852242 0.15454202789295138 0.050296833773087066 0.21032793064455335 0.04699868073878628 0.22691292875989444 0.05338885224274407 0.24048247267244627 0.06245877308707124 0.25367508480964945 0.07441457783641162 0.24952883528081418 0.08698878627968337 0.23482849604221637 0.09688324538258575 0.21296645307199397 0.12759729551451188 0.14700339238597815 0.13419360158311347 0.12891066716924238 0.13130771767810026 0.11421032793064455 0.1185273746701847 0.10101771579344139 0.12285620052770448 0.08330192235205428 0.12739116094986808 0.07199396909159443 0.1172905672823219 0.07048624199019977
1 0.29600923482849606 0.0603090840557859 0.29786444591029027 0.08480964945344892 0.29765831134564646 0.11044101017715793 0.29147427440633245 0.1473803241613268 0.28178594986807387 0.20278929513758012 0.2756019129287599 0.22804372408594045 0.2747773746701847 0.2581982661138334 0.2832288918205805 0.2777987184319638 0.30363621372031663 0.3004146249528835 0.31682882585751976 0.28232189973614774 0.35537598944591026 0.18318884281944967 0.35558212401055406 0.17037316245759518 0.3411527044854881 0.14851111948737278 0.33290732189973615 0.14511873350923482 0.32589874670184693 0.1541650961176027 0.30755277044854884 0.20844327176781002 0.3147674802110818 0.17188088955898984 0.32507420844327173 0.12777987184319636 0.33022757255936674 0.10629476064832265 0.3395036279683377 0.07199396909159443 0.34300791556728233 0.05352431209950999
1 0.527292216358839 0.0652091971353185 0.5373928100263853 0.08217112702600829 0.5384234828496042 0.10667169242367132 0.5355375989445911 0.12664907651715038 0.524200197889182 0.2009046362608368 0.5221388522427441 0.22427440633245385 0.5254370052770448 0.24349792687523558 0.5367744063324539 0.26460610629476067 0.5563571899736147 0.29174519411986427 0.5666639182058048 0.28910667169242366 0.5804749340369393 0.26686769694685264 0.6227325197889182 0.1699962306822465 0.620877308707124 0.16170373162457596 0.6126319261213721 0.1454956652845835 0.60438654353562 0.1383339615529589 0.5971718337730871 0.13908782510365625 0.5866589709762533 0.1632114587259706 0.5588308047493403 0.22804372408594045 0.549967018469657 0.24462872220128157 0.5439891160949868 0.2502826988315115 0.5450197889182058 0.23256690539012437 0.5610982849604221 0.131549189596683 0.5662516490765171 0.11232566905390123 0.5701682058047493 0.09385601206181682 0.5738786279683377 0.07161703731624576 0.5747031662269129 0.04787033546928006
1 0.7828990765171504 0.04221635883905013 0.7897015171503957 0.05578590275160196 0.7921751319261213 0.08141726347531096 0.7942364775725593 0.10704862419901998 0.7888769788918205 0.20278929513758012 0.7894953825857519 0.2272898605352431 0.8002143799472294 0.25782133433848475 0.8127885883905013 0.27855258198266114 0.8323713720316622 0.2996607614021862 0.8478314643799472 0.3056916698077648 0.8569013852242744 0.30493780625706746 0.8740105540897097 0.2826988315114964 0.9125577176781002 0.20844327176781002 0.9195662928759895 0.19261213720316622 0.916062005277045 0.17565020731247644 0.9100841029023746 0.1613267998492273 0.9014264511873351 0.15491895966830005 0.8952424142480211 0.16622691292875988 0.8620547493403693 0.23256690539012437 0.8521602902374671 0.2491519035054655 0.8430903693931399 0.26045985676592537 0.8344327176781002 0.26234451564266864 0.8280425461741425 0.26121372031662266 0.8076352242744063 0.24085940444779494 0.8105211081794195 0.20392009046362605 0.8158806068601583 0.11647191858273652 0.8206217018469657 0.09649453448925745 0.8204155672823219 0.07764794572182435 0.8202094327176781 0.058047493403693924 0.8288670844327177 0.03995476818695816
2 0.1152292216358839 0.1017715793441387 0.10512862796833773 0.12212589521296646 0.12842183377308708 0.15077271013946475 0.13522427440633245 0.12664907651715038 0.13171998680738786 0.11270260082924989 0.1172905672823219 0.09913305691669808
2 0.3226005936675462 0.16735770825480586 0.3483674142480211 0.20203543158688278 0.35558212401055406 0.18281191104410102 0.35558212401055406 0.16698077647945722 0.3409465699208443 0.1481341877120241 0.33311345646437995 0.14323407463249152
2 0.5905755277044855 0.15567282321899736 0.5990270448548813 0.16509611760271392 0.6126319261213721 0.1929890689785149 0.6231447889182058 0.1699962306822465 0.620877308707124 0.1613267998492273 0.6130441952506597 0.14511873350923482 0.6041804089709762 0.1364493026762156 0.5971718337730871 0.13682623445156428
2 0.8925626649076517 0.1752732755371278 0.8989528364116095 0.18318884281944967 0.9113209102902374 0.2125895212966453 0.920184696569921 0.18997361477572558 0.9152374670184698 0.17188088955898984 0.9098779683377309 0.1601960045231813 0.9012203166226913 0.15378816434225406
3 0.05916062005277045 0.2125895212966453 0.0779188654353562 0.24764417640407085 0.08719492084432717 0.2333207689408217 0.09667711081794195 0.21334338484734264 0.0789495382585752 0.18545043347154164 0.07255936675461741 0.18469656992084432 0.06781827176781002 0.19788918205804748 0.06184036939313984 0.20655861289106672
3 0.28632091029023743 0.24349792687523558 0.27869393139841686 0.2687523558235959 0.2854963720316622 0.28420655861289107 0.3015748680738786 0.2992838296268375 0.3106447889182058 0.2913682623445156 0.31950857519788917 0.2755371277798718 0.321776055408971 0.26686769694685264 0.29930738786279687 0.24161326799849225 0.29910125329815307 0.22427440633245385
3 0.5431645778364116 0.24726724462872218 0.5380112137203167 0.24575951752732758 0.5334762532981531 0.25744440256313605 0.542752308707124 0.27365246890312855 0.5545019788918205 0.28835280814172637 0.5652209762532981 0.29212212589521297 0.5724356860158311 0.2819449679607991 0.5534713060686016 0.2559366754617414 0.553059036939314 0.24274406332453827 0.5462565963060686 0.2468903128533735
3 0.8280425461741425 0.2597059932152281 0.8220646437994723 0.27252167357708257 0.8331959102902374 0.30003769317753487 0.8443271767810027 0.3053147380324161 0.8542216358839051 0.3053147380324161 0.8630854221635884 0.2985299660761402 0.8703001319261213 0.28910667169242366 0.8554584432717679 0.2597059932152281 0.8546339050131927 0.24462872220128157 0.8486560026385224 0.2551828119110441 0.8375247361477574 0.26196758386732 0.833608179419525 0.26234451564266864
