0 0.0003633720930232693 0.12956810631229235 0.07182655038759692 0.13067552602436325 0.26925872093023256 0.13842746400885936 0.4376211240310077 0.14507198228128462 0.6853197674418604 0.15946843853820597 0.9100048449612401 0.18161683277962348 0.99921875 0.1947551413260794 0.9978197674418604 0.2912513842746401 0.7252906976744187 0.25802879291251385 0.49212693798449614 0.23920265780730898 0.28015988372093026 0.22812846068660025 0.08151647286821706 0.22259136212624586 0.000968992248062029 0.2170542635658915
1 0.04644941634241244 0.21901056142301278 0.05222519455252918 0.23902167871039467 0.05556906614785991 0.28404669260700394 0.05952091439688715 0.33129516397998887 0.06286478599221788 0.4296831573096165 0.06620865758754864 0.47804335742078935 0.07776021400778209 0.5414118954974987 0.09113570038910505 0.5425236242356866 0.09599951361867703 0.5336297943301835 0.09995136186770429 0.47248471372984996 0.09751945525291829 0.4613674263479711 0.09356760700389104 0.45636464702612567 0.08353599221789883 0.4596998332406893 0.08201605058365759 0.47304057809894384 0.07806420233463034 0.43802112284602557 0.07441634241245135 0.35186214563646473 0.07380836575875485 0.2768204558087827 0.08232003891050584 0.24291272929405225 0.08140807392996109 0.22234574763757645
1 0.24586575875486383 0.2284602556976098 0.25103356031128404 0.25236242356864924 0.255897373540856 0.2918287937743191 0.2580252918287938 0.3262923846581435 0.25893725680933855 0.4463590883824347 0.2616731517509728 0.4785992217898833 0.2689688715953308 0.5141745414118956 0.2793044747081712 0.5591995553085047 0.2966318093385214 0.5558643690939411 0.3027115758754864 0.538632573652029 0.3081833657587549 0.5036131183991106 0.31000729571984437 0.48249027237354086 0.3084873540856031 0.4713729849916621 0.29754377431906615 0.4691495275152863 0.28994406614785995 0.47915508615897723 0.2881201361867704 0.5052807115063924 0.2835603112840467 0.5030572540300167 0.2780885214007782 0.4491384102279044 0.27687256809338523 0.3513062812673708 0.27626459143968873 0.2818232351306282 0.28082441634241245 0.2568093385214008 0.2811284046692607 0.23123957754307953
1 0.44680204280155633 0.23457476375764316 0.45835359922178986 0.26014452473596444 0.46291342412451353 0.29405225125069484 0.4638253891050583 0.3140633685380767 0.46230544747081714 0.3457476375764314 0.46230544747081714 0.36631461923290726 0.46048151750972754 0.3902167871039467 0.45896157587548636 0.43301834352418017 0.4592655642023346 0.4558087826570317 0.45987354085603116 0.49249583101723177 0.4638253891050583 0.5364091161756532 0.4711211089494163 0.575875486381323 0.47689688715953304 0.6025569760978322 0.4869285019455253 0.6053362979433019 0.49635214007782097 0.604780433574208 0.5079036964980544 0.5814341300722624 0.5206712062256809 0.5541967759866593 0.5237110894941635 0.5414118954974987 0.5185432879377432 0.5364091161756532 0.5066877431906615 0.5364091161756532 0.4990880350194552 0.5525291828793775 0.4881444552529183 0.5719844357976653 0.4848005836575875 0.5503057254030017 0.4787208171206226 0.5086158977209562 0.47598492217898836 0.48415786548082274 0.47689688715953304 0.43524180100055593 0.4808487354085603 0.3624235686492496 0.48449659533073924 0.2918287937743191 0.4881444552529183 0.2712618121178433 0.489056420233463 0.2445803224013341 0.49209630350194555 0.23568649249583104
1 0.6705374513618677 0.25458588104502505 0.6842169260700388 0.29016120066703727 0.6881687743190661 0.32128960533629797 0.6881687743190661 0.3796553640911618 0.6884727626459144 0.481378543635353 0.6902966926070039 0.5163979988882713 0.6975924124513619 0.5536409116175653 0.7106639105058365 0.5964424680377988 0.719783560311284 0.622568093385214 0.7289032101167315 0.6286826014452473 0.7465345330739299 0.6309060589216231 0.7833171206225681 0.5630906058921623 0.7833171206225681 0.5630906058921623 0.7808852140077821 0.5508615897720957 0.7650778210116732 0.5558643690939411 0.735590953307393 0.6070038910505837 0.719783560311284 0.5553085047248472 0.7109678988326849 0.5180655919955531 0.7085359922178988 0.48804891606448025 0.7085359922178988 0.349638688160089 0.7097519455252919 0.30183435241801 0.711271887159533 0.2729294052251251 0.7225194552529183 0.2501389660922735
1 0.9340953307392995 0.28349082823790994 0.9389591439688717 0.3001667593107282 0.9459508754863813 0.3229571984435798 0.9480787937743191 0.3407448582545859 0.9541585603112841 0.35186214563646473 0.9541585603112841 0.39633129516397997 0.9520306420233464 0.47915508615897723 0.9532465953307392 0.5330739299610895 0.9590223735408561 0.5808782657031685 0.9727018482490273 0.6347971095052808 0.9872932879377432 0.6670372429127294 0.9976288910505836 0.6770428015564203 0.99921875 0.6591152492125258 0.9933730544747081 0.6448026681489717 0.9784776264591439 0.60366870483602 0.9663180933852139 0.5508615897720957 0.9660141050583657 0.48415786548082274 0.9669260700389104 0.3929961089494164 0.9727018482490273 0.3390772651473041 0.9727018482490273 0.31461923290717064 0.9875972762645915 0.28237909949972206
2 0.08262402723735408 0.4741523068371318 0.09356760700389104 0.4797109505280712 0.10177529182879377 0.4741523068371318 0.09630350194552528 0.45747637576431355 0.09295963035019454 0.45469705391884385 0.08323200389105058 0.4552529182879378
2 0.29055204280155644 0.48526959421901056 0.29389591439688717 0.49138410227904394 0.3115272373540856 0.4874930516953863 0.30727140077821014 0.4713729849916621 0.29693579766536965 0.46859366314619233 0.2890321011673152 0.47915508615897723
2 0.49969601167315175 0.5497498610339078 0.5051678015564203 0.556420233463035 0.5206712062256809 0.5525291828793775 0.5227991245136187 0.5447470817120623 0.519455252918288 0.5352973874374652 0.5075997081712063 0.5369649805447471
2 0.7614299610894941 0.5625347415230684 0.7644698443579767 0.5747637576431351 0.7814931906614786 0.5680933852140079 0.7839250972762646 0.5614230127848805 0.7790612840466926 0.5503057254030017 0.7647738326848249 0.5558643690939411
3 0.07715223735408559 0.5403001667593108 0.09113570038910505 0.5419677598665925 0.09812743190661478 0.5336297943301835 0.09599951361867703 0.5236242356864925 0.07928015564202334 0.5208449138410228 0.07259241245136186 0.5180655919955531
3 0.27231274319066145 0.5369649805447471 0.27960846303501946 0.5591995553085047 0.2996716926070039 0.5553085047248472 0.3011916342412452 0.5453029460811563 0.28325632295719844 0.548082267926626 0.2786964980544747 0.5430794886047805
3 0.4714250972762645 0.5831017231795442 0.4787208171206226 0.6014452473596442 0.4969601167315175 0.6058921623123957 0.49878404669260695 0.5997776542523625 0.4848005836575875 0.5964424680377988 0.47811284046692604 0.5903279599777654 0.48875243190661477 0.5780989438576988
3 0.7322470817120623 0.6003335186214565 0.7179596303501945 0.6025569760978322 0.7137037937743191 0.6070038910505837 0.7228234435797665 0.6270150083379655 0.7316391050583657 0.6309060589216231 0.7477504863813229 0.6275708727070596 0.735590953307393 0.6192329071706504 0.7267752918287937 0.6153418565869928 0.7358949416342412 0.6097832128960534
