0 0.001574612403100789 0.19490586932447398 0.22080910852713181 0.0 0.4709302325581396 0.0 0.0003633720930232693 0.42524916943521596
1 0.008972772277227722 0.998019801980198 0.003403465346534654 0.8048090523338048 0.004331683168316832 0.7932107496463932 0.01655321782178218 0.7926449787835926 0.036664603960396044 0.8263083451202263 0.039449257425742575 0.8381895332390382 0.04299460633123945 0.9985714285714286
1 0.07543305243445693 0.3247726056714821 0.08625936329588015 0.3402889245585875 0.1011821161048689 0.34670947030497595 0.10996020599250936 0.3547351524879615 0.11961610486891386 0.380952380952381 0.1313202247191011 0.4055644729802033 0.1409761235955056 0.45104333868378815 0.15443586142322097 0.5179240235420011 0.18311095505617975 0.6655965757089353 0.19071863295880148 0.7009095773140718 0.20447097378277154 0.7303370786516854 0.2246605805243446 0.7560192616372392 0.25011704119850187 0.7822364901016586 0.2861072097378277 0.8089887640449438 0.3089302434456929 0.8100588550026753 0.3261938202247191 0.781701444622793 0.3340941011235955 0.7506688068485822 0.3563319288389513 0.555912252541466 0.3525280898876405 0.5441412520064206 0.32824204119850187 0.5168539325842697 0.3194639513108614 0.512573568753344 0.31448970037453183 0.5195291599785982 0.29722612359550565 0.6966292134831461 0.29254447565543074 0.7276618512573569 0.2866924157303371 0.7447833065810594 0.2752808988764045 0.752808988764045 0.24075374531835206 0.7324772605671481 0.22349016853932585 0.71482075976458 0.20944522471910113 0.6955591225254146 0.1839887640449438 0.5682182985553772 0.15238764044943817 0.4055644729802033 0.15443586142322097 0.36757624398073835 0.15385065543071158 0.35152487961476725 0.15443586142322097 0.33814874264312467 0.15736189138576778 0.33172819689673627 0.15765449438202245 0.3172819689673622 0.15619147940074904 0.28464419475655434 0.1588249063670412 0.27180310326377743 0.16058052434456926 0.26431246655965757 0.16116573033707865 0.24933119315141786 0.10469335205992507 0.2985553772070626 0.08567415730337077 0.3001605136436597
1 0.42860486891385763 0.031032637774210812 0.447624063670412 0.04654895666131621 0.4581577715355805 0.05992509363295881 0.4622542134831461 0.07918673087212413 0.49970739700374533 0.29159978598180847 0.5096558988764045 0.33119315141787053 0.5225304307116105 0.3606206527554842 0.5649578651685394 0.4119850187265918 0.6138225655430711 0.44783306581059396 0.6287453183520599 0.44943820224719105 0.6474719101123596 0.41787051899411454 0.6571278089887641 0.36115569823434995 0.6702949438202247 0.1942215088282504 0.6691245318352059 0.18940609951845908 0.6348899812734083 0.17495987158908508 0.623185861423221 0.1781701444622793 0.6187968164794008 0.21883360085607279 0.6100187265917604 0.3279828785446763 0.6044592696629214 0.3745318352059925 0.6024110486891386 0.3900481540930979 0.5968515917602997 0.3980738362760835 0.5901217228464419 0.3991439272338149 0.5602762172284644 0.36169074371321563 0.5512055243445693 0.33440342429106473 0.5389161985018727 0.270733012306046 0.505559456928839 0.07758159443552702 0.5090706928838952 0.03638309256286785 0.5119967228464419 0.018191546281433924 0.5122893258426966 0.0010700909577314073 0.46576544943820225 0.0010700909577314073 0.4438202247191011 0.009095773140716962
1 0.7853260869565217 0.0006901311249137336 0.7940066425120773 0.0738440303657695 0.8098580917874397 0.13250517598343686 0.8279740338164252 0.16908212560386474 0.8517512077294688 0.19599723947550035 0.8947765700483092 0.22015182884748105 0.9079861111111113 0.21187025534851622 0.9215730676328503 0.18564527260179436 0.9457276570048311 0.0013802622498274672 0.8940217391304349 0.003450655624568668 0.8759057971014494 0.1352657004830918 0.8717542270531402 0.15734989648033126 0.8634510869565218 0.14906832298136646 0.8502415458937198 0.1290545203588682 0.844580314009662 0.09178743961352658 0.8340126811594205 0.0027605244996549345
2 0.0033212560386473265 0.8391994478951 0.021059782608695638 0.8647342995169083 0.04106280193236713 0.868184955141477 0.04068538647342994 0.8350586611456178 0.037288647342995154 0.8260869565217392 0.018040458937198054 0.7908902691511387 0.0029438405797101276 0.7922705314009661
2 0.31204710144927533 0.5562456866804694 0.33620169082125606 0.5838509316770186 0.3528079710144928 0.5852311939268462 0.35771437198067635 0.5555555555555556 0.35318538647342995 0.5438233264320221 0.3275211352657005 0.5169082125603865 0.31695350241545894 0.5106970324361629 0.313179347826087 0.5217391304347827
2 0.6207729468599034 0.22291235334713597 0.6539855072463768 0.23740510697032435 0.6679498792270532 0.23602484472049692 0.6702143719806763 0.19116632160110422 0.6362469806763286 0.17460317460317462 0.6222826086956522 0.1766735679779158
2 0.8936443236714977 0.013112491373360938 0.9355374396135266 0.010351966873706004 0.9464824879227054 0.012422360248447208 0.9464824879227054 0.0 0.8943991545893721 0.002070393374741201
3 0.261850845410628 0.748792270531401 0.2758152173913043 0.7736369910282954 0.27355072463768115 0.803312629399586 0.2897795893719807 0.8095238095238096 0.2995923913043478 0.8129744651483783 0.307518115942029 0.8102139406487233 0.31544384057971014 0.8019323671497585 0.3226147342995169 0.7915804002760526 0.32978562801932365 0.7805383022774328 0.3346920289855072 0.7625948930296758 0.33544685990338163 0.7460317460317462 0.3214824879227053 0.743271221532091 0.296195652173913 0.7129054520358868 0.29355374396135264 0.728088336783989 0.2901570048309179 0.7377501725327813 0.2848731884057971 0.7453416149068324 0.27770229468599034 0.7501725327812284 0.27166364734299514 0.7501725327812284 0.26713466183574874 0.7501725327812284
3 0.5886926328502415 0.39544513457556935 0.5849184782608696 0.42097998619737753 0.5962409420289856 0.4306418219461698 0.6030344202898551 0.43754313319530713 0.6136020531400966 0.4416839199447895 0.6211503623188406 0.44375431331953075 0.6294535024154589 0.44582470669427193 0.6343599033816425 0.4382332643202209 0.644927536231884 0.4265010351966874 0.6471920289855072 0.4085576259489303 0.6517210144927537 0.38854382332643206 0.6400211352657006 0.380952380952381 0.6086956521739131 0.3650793650793651 0.601147342995169 0.38371290545203596 0.6007699275362319 0.3961352657004831 0.5962409420289856 0.401656314699793 0.5924667874396136 0.3995859213250518
3 0.8702445652173914 0.16287094547964115 0.8676026570048311 0.18978605935127676 0.8472222222222223 0.1925465838509317 0.8630736714975846 0.20565907522429264 0.8732638888888891 0.2070393374741201 0.8823218599033817 0.21187025534851622 0.8887379227053142 0.21394064872325744 0.8940217391304349 0.2153209109730849 0.90006038647343 0.21601104209799862 0.9064764492753625 0.2111801242236025 0.9106280193236715 0.20496894409937888 0.9170440821256041 0.1932367149758454 0.923082729468599 0.18426501035196688 0.924592391304348 0.17115251897860595 0.9128925120772948 0.16770186335403728 0.8755283816425121 0.15804002760524502
