0 0.001574612403100789 0.3898117386489479 0.26925872093023256 0.22259136212624586 0.5181686046511629 0.07973421926910298 0.6603317139216311 -1.0150610510858574e-17 0.9027374031007751 0.0011074197120708748 0.6126453488372092 0.14617940199335547 0.35222868217054265 0.2956810631229236 0.10634689922480622 0.44407530454042077 0.0 0.5125175547677822
1 0.06940718884120171 0.46597179644389947 0.09053111587982833 0.5168608215818516 0.10561963519313304 0.5855303494788473 0.12037285407725322 0.6842427958307786 0.13881437768240343 0.7467811158798283 0.16262070815450644 0.7927651747394237 0.18307403433476394 0.7872470876762722 0.18676233905579398 0.7664009809932556 0.1958154506437768 0.6621704475781729 0.19045064377682402 0.6548129981606376 0.18005633047210298 0.657265481299816 0.17502682403433475 0.6701410177805027 0.16697961373390557 0.7596566523605149 0.14116148068669526 0.6958920907418761 0.13579667381974247 0.668301655426119 0.11400214592274678 0.5321888412017167 0.11400214592274678 0.4966278356836296 0.10930793991416307 0.47271612507664007 0.10796673819742489 0.4420600858369098
1 0.31417650214592274 0.31820968730839977 0.3356357296137339 0.36541998773758433 0.3436829399141631 0.40588595953402823 0.36313036480686695 0.5285101164929491 0.3688304721030043 0.5487431023911711 0.38157188841201717 0.5708154506437768 0.4197961373390558 0.6020846106683017 0.4425965665236052 0.598405885959534 0.44829667381974253 0.5763335377069283 0.46439109442060084 0.45984058859595334 0.4640557939914163 0.44083384426732064 0.4560085836909871 0.43838136112814224 0.4462848712446352 0.4396076026977314 0.4422612660944206 0.45738810545677494 0.4295198497854077 0.5585530349478848 0.42314914163090134 0.5836909871244634 0.39733100858369097 0.5585530349478848 0.38526019313304716 0.5413856529736357 0.36849517167381973 0.4488044144696505 0.35910675965665234 0.3709380748007357 0.3554184549356223 0.3083997547516861 0.3584361587982833 0.2918454935622317
1 0.5696754291845493 0.1729000613120785 0.5918052575107297 0.22317596566523604 0.6203057939914163 0.39546290619251995 0.6313707081545064 0.4420600858369098 0.6565182403433476 0.4904966278356836 0.6820010729613734 0.5211526670754139 0.7048015021459227 0.5137952176578786 0.7158664163090129 0.4904966278356836 0.7420198497854077 0.3911710606989577 0.7215665236051503 0.3868792152053955 0.7081545064377682 0.4218270999386879 0.6890423819742489 0.49233599019006746 0.652494635193133 0.4297976701410178 0.6447827253218884 0.3960760269773145 0.618293991416309 0.21459227467811157 0.6132644849785407 0.17351318209687308 0.6135997854077253 0.14469650521152666
1 0.8335568669527896 0.03862660944206008 0.8597103004291846 0.05763335377069282 0.8677575107296137 0.08338442673206621 0.8737929184549357 0.12385039852851011 0.8895520386266094 0.23298589822194973 0.8975992489270386 0.2832618025751073 0.9150348712446352 0.3218884120171674 0.9388412017167381 0.3568362967504598 0.9609710300429184 0.38626609442060084 0.9857832618025751 0.38626609442060084 0.9991952789699571 0.34947884733292456 0.9991952789699571 0.2826486817903127 0.9727065450643776 0.3568362967504598 0.9693535407725321 0.3623543838136113 0.9244232832618027 0.299202942979767 0.9146995708154506 0.26057633353770693 0.8922344420600858 0.09871244635193133 0.886869635193133 0.041692213366033105 0.8878755364806867 0.009809932556713672
2 0.17234442060085836 0.6811771919068056 0.1840799356223176 0.6793378295524218 0.19514484978540772 0.6701410177805027 0.19413894849785407 0.6584917228694052 0.1860917381974249 0.6535867565910484 0.17469152360515022 0.6591048436541999
2 0.44376215953307396 0.4569205113952196 0.4495379377431906 0.45914396887159536 0.4644333657587548 0.45636464702612567 0.4635214007782101 0.443579766536965 0.45835359922178986 0.4385769872151195 0.4480179961089494 0.4385769872151195
2 0.7158317120622568 0.4002223457476376 0.7252553501945525 0.40689271817676487 0.7395428015564203 0.39799888827126184 0.7419747081712063 0.39355197331851033 0.736806906614786 0.3852140077821012 0.7213035019455253 0.38799332962757094
3 0.1671327821011673 0.7598665925514175 0.15679717898832685 0.7748749305169539 0.15679717898832685 0.7848804891606449 0.16743677042801558 0.7915508615897722 0.1832441634241245 0.7876598110061145 0.1713886186770428 0.7726514730405781
3 0.4212670233463035 0.5814341300722624 0.410931420233463 0.5836575875486382 0.40789153696498054 0.5936631461923291 0.421875 0.595330739299611 0.4440661478599221 0.6003335186214565 0.421875 0.5881045025013897
3 0.6902966926070039 0.4891606448026682 0.6811770428015564 0.5013896609227348 0.6744892996108949 0.5119510839355198 0.6872568093385214 0.5202890494719289 0.7067120622568093 0.5130628126737077 0.6963764591439688 0.5030572540300167
3 0.9717898832684824 0.35797665369649806 0.9596303501945526 0.3668704836020011 0.9571984435797665 0.3790994997220678 0.9672300583657588 0.38465814341300725 0.9839494163424124 0.3835464146748194 0.9766536964980546 0.37076153418565877
