0 0.003997093023255827 0.36877076411960136 0.07182655038759692 0.37541528239202654 0.21778100775193798 0.3798449612403101 0.41521317829457366 0.38205980066445183 0.6059835271317829 0.38205980066445183 0.8064437984496123 0.3898117386489479 0.9978197674418604 0.4031007751937985 0.99921875 0.5284496124031081 0.998425387596899 0.5658914728682171 0.8591327519379843 0.5592469545957918 0.6913759689922481 0.5537098560354374 0.5 0.5559246954595792 0.3352713178294574 0.5570321151716501 0.15540213178294576 0.5581395348837209 0.027010658914728695 0.5537098560354374 0.000968992248062029 0.5537098560354374
1 0.027766719745222962 0.554140127388535 0.008359872611465003 0.6132848043676069 0.0018909235668790147 0.6888080072793448 0.0 0.9472702456778935 0.0053742038216560845 0.9745222929936306 0.018312101910828056 0.9827115559599635 0.03622611464968156 0.9681528662420382 0.08300159235668794 0.8671519563239308 0.11335589171974525 0.8098271155595996 0.12032245222929941 0.8034576888080072 0.1277866242038217 0.813466787989081 0.13972929936305736 0.8580527752502274 0.13574840764331214 0.8762511373976342 0.0760350318471338 0.997270245677889 0.001393312101910862 0.9981801637852592 0.0003980891719745562 0.5532302092811647 0.0003980891719745562 0.4840764331210191 0.03274283439490449 0.48043676069153773 0.02975716560509557 0.5222929936305732
1 0.2511942675159236 0.5550500454959053 0.2691082802547771 0.5750682438580528 0.2870222929936306 0.6050955414012739 0.2795581210191083 0.7288444040036396 0.2755772292993631 0.7961783439490445 0.2770700636942675 0.8362147406733393 0.2905055732484077 0.8935395814376706 0.32036226114649685 0.9554140127388535 0.3462380573248408 0.9981801637852592 0.3984872611464968 0.997270245677889 0.457703025477707 0.8453139217470427 0.4537221337579617 0.7970882620564149 0.4467555732484076 0.7852593266606004 0.4373009554140127 0.7961783439490445 0.39251592356687903 0.913557779799818 0.3780851910828026 0.951774340309372 0.36365445859872614 0.9690627843494085 0.3497213375796179 0.9599636032757051 0.3223527070063695 0.916287534121929 0.3009554140127389 0.8644222020018199 0.31090764331210197 0.6969972702456778 0.31538614649681534 0.6132848043676069 0.3288216560509555 0.5550500454959053 0.35171178343949044 0.5050045495905369 0.3447452229299363 0.4849863512283894 0.2870222929936306 0.4840764331210191 0.278562898089172 0.5277525022747952
1 0.5940485668789808 0.548680618744313 0.6413216560509554 0.5932666060054594 0.6313694267515924 0.8362147406733393 0.6343550955414012 0.8726114649681529 0.6522691082802548 0.9353958143767062 0.6801353503184713 0.997270245677889 0.7423367834394904 0.997270245677889 0.8070262738853504 0.8289353958143767 0.8050358280254777 0.8143767060964513 0.7945859872611465 0.8143767060964513 0.7488057324840763 0.9208371246587806 0.7308917197452229 0.9617834394904458 0.7169585987261147 0.9645131938125567 0.6905851910828025 0.9281164695177433 0.6657046178343948 0.8598726114649682 0.6557523885350318 0.8225659690627843 0.6572452229299363 0.7242948134667879 0.6632165605095541 0.5741583257506825 0.68859474522293 0.556869881710646 0.68859474522293 0.5177434030937216 0.6940684713375795 0.48862602365787083 0.62390525477707 0.4840764331210191 0.62390525477707 0.5213830755232028
1 0.8761942675159237 0.5605095541401274 0.8965963375796179 0.5777979981801638 0.9209792993630573 0.5987261146496815 0.9259554140127388 0.6314831665150136 0.9408837579617835 0.8143767060964513 0.9488455414012739 0.8744313011828935 0.9627786624203821 0.9099181073703365 0.998109076433121 0.9799818016378524 0.9986066878980893 0.8662420382165604 0.984673566878981 0.8343949044585988 0.9762141719745223 0.7707006369426751 0.9627786624203821 0.6342129208371247 0.9583001592356688 0.5796178343949044 0.9642714968152866 0.548680618744313 0.9717356687898089 0.49772520473157417 0.9269506369426752 0.49226569608735216 0.8965963375796179 0.5213830755232028
2 0.09743232484076436 0.83803457688808 0.10987261146496818 0.8498635122838945 0.12380573248407648 0.9026387625113739 0.14221735668789812 0.8589626933575978 0.1277866242038217 0.8016378525932666 0.11236066878980895 0.7998180163785259
2 0.43182722929936307 0.8143767060964513 0.4422770700636942 0.8307552320291174 0.44576035031847133 0.8744313011828935 0.4596934713375796 0.8462238398544131 0.4542197452229299 0.7961783439490445 0.4432722929936306 0.7870791628753412
2 0.7851313694267515 0.835304822565969 0.7975716560509554 0.8535031847133757 0.8080214968152866 0.8271155595996359 0.8045382165605096 0.8143767060964513 0.7940883757961783 0.8125568698817106
3 0.0033837579617834734 0.9708826205641492 0.0018909235668790147 0.9963603275705186 0.05832006369426904 0.9985714285714286 0.04568073248407646 0.9808917197452228 0.04518312101910831 0.9545040946314831 0.03622611464968156 0.9699727024567788 0.02428343949044589 0.9818016378525932 0.011843152866242072 0.9772520473157417
3 0.34524283439490444 0.9581437670609645 0.33728105095541405 0.9799818016378524 0.3472332802547771 0.9981801637852592 0.398984872611465 0.997270245677889 0.3850517515923567 0.9717925386715196 0.38156847133757965 0.9481346678798909 0.37509952229299365 0.9626933575978162 0.3651472929936306 0.9672429481346678 0.3546974522292994 0.9681528662420382
3 0.7045183121019108 0.951774340309372 0.699044585987261 0.9708826205641492 0.6796377388535031 0.997270245677889 0.744327229299363 0.9936305732484075 0.7423367834394904 0.9799818016378524 0.7393511146496815 0.9526842584167424 0.7308917197452229 0.9645131938125567 0.7209394904458598 0.9708826205641492 0.7129777070063694 0.9626933575978162
