0 0.0003633720930232693 0.7320044296788482 0.05123546511627908 0.6168327796234773 0.16388081395348839 0.3709856035437431 0.2777374031007752 0.12624584717607973 0.3419752696326256 0.0 0.45215600775193804 0.0011074197120708748 0.3649467054263566 0.16832779623477298 0.24200581395348836 0.4130675526024364 0.1233042635658915 0.6766334440753045 0.0021802325581395483 0.9335548172757473
1 0.0019324204946996465 0.9318525996971228 0.015459363957597172 0.9601211509338717 0.023741166077738515 0.9848561332660273 0.033920486812216114 0.9985714285714286 0.17557420494699646 0.9985714285714286 0.1827517667844523 0.9828369510348308 0.18854902826855122 0.9787985865724381 0.1924138692579505 0.9858657243816253 0.1945518483283501 0.9985714285714286 0.0 0.9985714285714286
1 0.1360976148409894 0.6314992428066633 0.15183303886925795 0.6173649671882887 0.1637036219081272 0.6163553760726905 0.17336572438162542 0.6249369005552751 0.19351810954063603 0.6627965673902069 0.2379637809187279 0.7491166077738516 0.2644655477031802 0.8056537102473499 0.2771643109540636 0.8283695103483089 0.29842093639575973 0.8480565371024735 0.3216099823321555 0.8601716304896516 0.3489399293286219 0.8672387682988388 0.36992049469964666 0.8687531549722363 0.38261925795053003 0.862190812720848 0.3947659010600707 0.8354366481574963 0.39614620141342755 0.7829379101463907 0.38096289752650175 0.6355376072690561 0.3776501766784452 0.6294800605754669 0.37212897526501765 0.6284704694598687 0.36467535335689044 0.6481574962140333 0.3677120141342756 0.6880363452801616 0.38261925795053003 0.817768803634528 0.3787544169611307 0.8248359414437152 0.3693683745583039 0.8293791014639071 0.31802120141342755 0.8152448258455325 0.30173365724381623 0.8026249369005553 0.2826855123674912 0.7728419989904088 0.22774955830388693 0.6592629984856133 0.1926899293286219 0.5885916203937405 0.18992932862190812 0.5709237758707723 0.18689266784452296 0.5567895002523978 0.19213780918727913 0.5320545179202423 0.19186174911660775 0.5143866733972741 0.17695450530035334 0.5325593134780414 0.16674028268551236 0.5381120646138314 0.13720185512367492 0.6067642604745078
1 0.35970627208480566 0.17213528520949017 0.3693683745583039 0.19737506309944472 0.3754416961130742 0.2407874810701666 0.38123895759717313 0.25996971226653204 0.4378312720848056 0.3553760726905603 0.4684739399293286 0.41039878849066125 0.48420936395759717 0.4295810196870268 0.5065702296819788 0.4432104997476022 0.5350044169611308 0.4452296819787986 0.5612301236749117 0.4442200908632004 0.5769655477031802 0.431095406360424 0.5780697879858657 0.4078748107016658 0.5590216431095406 0.28319030792529026 0.5521201413427562 0.2347299343765775 0.5568131625441696 0.22564361433619382 0.5656470848056536 0.2271580010095911 0.5689598056537102 0.24785461887935384 0.5896643109540636 0.392226148409894 0.5915967314487632 0.42200908632004036 0.5893882508833922 0.44018172640080766 0.5830388692579505 0.45885916203937405 0.573928886925795 0.469459868753155 0.5604019434628975 0.4719838465421504 0.5308635159010601 0.47248864209994956 0.4991166077738516 0.464411913175164 0.47509938162544174 0.4487632508833922 0.4574315371024735 0.4265522463402322 0.3710247349823321 0.2847046945986875 0.35087234982332155 0.25643614336193843 0.3428666077738516 0.2508833922261484 0.308083038869258 0.276627965673902 0.32519876325088337 0.23725391216557293 0.3199536219081272 0.2286723876829884 0.3439708480565371 0.17768803634528016
1 0.631625441696113 0.001514386673397274 0.649845406360424 0.05148914689550732 0.668065371024735 0.09086320040383644 0.6948431978798586 0.1221605249873801 0.748398851590106 0.1458859162039374 0.7635821554770318 0.14790509843513377 0.7773851590106007 0.1408379606259465 0.7875993816254417 0.11408379606259465 0.7903599823321554 0.0873296314992428 0.7870472614840989 0.0010095911155981827 0.7627539752650176 0.0010095911155981827 0.7657906360424028 0.04946996466431095 0.767446996466431 0.09793033821302373 0.7644103356890459 0.11256940938919736 0.7514355123674912 0.12014134275618375 0.7390128091872791 0.11812216052498739 0.7114068021201414 0.1044926804644119 0.6895980565371025 0.08581524482584553 0.6788317137809188 0.07117617364967188 0.6655808303886925 0.04240282685512367 0.6512257067137809 0.0010095911155981827
2 0.1824757067137809 0.9828369510348308 0.18827296819787986 0.97778899545684 0.1926899293286219 0.9858657243816253 0.1951744699646643 0.9984856133266028 0.17419390459363956 0.9979808177688037
2 0.3677120141342756 0.6860171630489651 0.3817910777385159 0.6789500252397779 0.3828953180212014 0.6471479050984351 0.38096289752650175 0.6345280161534579 0.37709805653710243 0.6294800605754669 0.37185291519434627 0.6264512872286724 0.36467535335689044 0.6486622917718324
2 0.557089222614841 0.2629984856133266 0.5703401060070672 0.2574457344775366 0.5664752650176679 0.22463402322059567 0.555708922261484 0.22412922766279658 0.551291961130742 0.2332155477031802
3 0.3704726148409894 0.828874305906108 0.36798807420494695 0.8500757193336699 0.370196554770318 0.8687531549722363 0.3793065371024735 0.8662291771832408 0.38399955830388693 0.8586572438162544 0.39338560070671375 0.8414941948510852 0.39531802120141346 0.8268551236749117 0.39531802120141346 0.8026249369005553 0.39531802120141346 0.7854618879353862 0.3909010600706714 0.7895002523977789 0.3801347173144876 0.7970721857647652 0.380410777385159 0.8127208480565371 0.3806868374558304 0.8263503281171125 0.37516563604240283 0.8293791014639071
3 0.5598498233215548 0.44623927309439676 0.5631625441696113 0.47097425542655225 0.5747570671378092 0.4664310954063604 0.584143109540636 0.45583038869257947 0.588560070671378 0.441696113074205 0.5907685512367491 0.42402826855123676 0.5915967314487632 0.40282685512367494 0.5797261484098939 0.4058556284704694 0.5783458480565371 0.42402826855123676 0.5764134275618374 0.436648157496214 0.5686837455830388 0.44068652195860675
3 0.7503312720848057 0.11963654719838465 0.748398851590106 0.14689550731953557 0.7583370141342756 0.14689550731953557 0.7693794169611307 0.14689550731953557 0.7798696996466431 0.13730439172135286 0.7870472614840989 0.11963654719838465 0.7898078621908127 0.10196870267541645 0.7895318021201414 0.08278647147905098 0.7776612190812721 0.08278647147905098 0.7677230565371025 0.07975769813225643 0.7682751766784452 0.0989399293286219 0.7655145759717314 0.11155981827359919 0.7605454946996466 0.11559818273599191
