0 0.0021802325581395483 0.3610188261351052 0.5369428294573644 0.3864894795127353 0.9596656976744186 0.4241417497231451 0.99921875 0.434004329004329 0.9990310077519379 0.5238095238095238 0.5981104651162791 0.4839424141749723 0.0 0.4607429779522803
1 0.1238956151832461 0.46671652954375464 0.13371236910994766 0.49065071054599846 0.14107493455497383 0.5258040388930442 0.1427110602094241 0.569184741959611 0.14434718586387435 0.6275243081525804 0.141892997382199 0.6761406133133882 0.14066590314136126 0.731488406881077 0.1451652486910995 0.7711293941660433 0.1533458769633508 0.8167539267015707 0.16438972513089006 0.8638743455497382 0.17297938481675396 0.8833208676140614 0.1852503272251309 0.8870605833956619 0.23719731675392675 0.8369483919222138 0.23187990837696337 0.8272251308900523 0.217154777486911 0.8362004487658937 0.18974967277486912 0.8608825729244576 0.18279613874345552 0.8406881077038144 0.17052519633507854 0.7808526551982049 0.1615265052356021 0.7262528047868361 0.16684391361256545 0.5871353777112939 0.16848003926701574 0.4981301421091997 0.17052519633507854 0.46596858638743455
1 0.38022067535545023 0.4800270819228165 0.39206901658767773 0.5145565335138795 0.39725266587677727 0.5450236966824644 0.39355005924170616 0.6391333784698714 0.3957716232227488 0.7345971563981043 0.40465787914691936 0.7853757616790793 0.4283545616113743 0.8476641841570751 0.4487188981042654 0.8733920108327691 0.47833975118483407 0.8490182802979012 0.512033471563981 0.7955314827352743 0.5072200829383886 0.7846987136086663 0.48944757109004733 0.7894380501015572 0.47500740521327006 0.8131347325660122 0.45575385071090047 0.8408937034529452 0.44168394549763035 0.8104265402843602 0.42280065165876773 0.7508463100880163 0.4187277843601895 0.7142857142857144 0.4209493483412322 0.5023696682464455 0.4287248222748815 0.47257955314827355
1 0.6353302725118483 0.48679756262694657 0.6494001777251184 0.5186188219363576 0.6553243483412322 0.5538253215978335 0.6505109597156398 0.6526743398781314 0.6468083530805686 0.7203791469194313 0.6482893957345971 0.7488151658767773 0.6601377369668247 0.7941773865944483 0.6767994668246445 0.8429248476641842 0.6964232819905213 0.8720379146919433 0.7230820497630331 0.8544346648612052 0.7656620260663507 0.7989167230873393 0.7615891587677724 0.7887610020311443 0.7512218601895734 0.7941773865944483 0.7086418838862559 0.8456330399458362 0.6979043246445498 0.8456330399458362 0.6734671208530806 0.7786052809749492 0.6627295616113743 0.7379823967501693 0.66458086492891 0.6851726472579553 0.6742076421800948 0.5362220717670956 0.6834641587677724 0.5132024373730535 0.692350414691943 0.4854434664861205
1 0.878221267772512 0.5111712931618145 0.8963640402843602 0.5396073121191605 0.9030287322274881 0.5707515233581585 0.8996963862559243 0.6242383209207854 0.8996963862559243 0.7379823967501693 0.9015476895734598 0.7684495599187543 0.9274659360189574 0.8354773188896413 0.9507923578199053 0.8733920108327691 0.9644920023696683 0.8713608666215301 0.9907805094786731 0.8422477995937712 0.9985559834123224 0.8266756939742722 0.99921875 0.8080929812683402 0.99921875 0.7941773865944483 0.9641217417061613 0.8483412322274883 0.9533841824644551 0.8436018957345972 0.9200607227488152 0.7670954637779283 0.915987855450237 0.7406905890318214 0.9182094194312796 0.5551794177386594 0.9341306279620853 0.5159106296547055
2 0.20767920616113744 0.8456330399458362 0.21286285545023692 0.8639133378469873 0.2391513625592417 0.8361543669600542 0.23322719194312796 0.8212593094109683 0.2150844194312796 0.8354773188896413
2 0.48093157582938384 0.8050101557210563 0.4846341824644549 0.8185511171293162 0.5031472156398105 0.8077183480027084 0.5124037322274881 0.7962085308056872 0.5083308649289099 0.7813134732566013 0.48722600710900466 0.7921462423832093
2 0.7423356042654028 0.8111035883547733 0.7512218601895734 0.8192281651997293 0.7656620260663507 0.7962085308056872 0.760108116113744 0.7860528097494922 0.7475192535545023 0.7955314827352743 0.74270586492891 0.8043331076506431
3 0.18600109011627908 0.8567275747508306 0.1671511627906977 0.8708471760797342 0.1730559593023256 0.8837209302325582 0.1907703488372093 0.8837209302325582 0.1880450581395349 0.8725083056478407 0.1887263808139535 0.8600498338870431
3 0.4530795784883721 0.8380398671096345 0.4401344476744186 0.8438538205980066 0.4344567587209302 0.8592192691029901 0.442405523255814 0.8675249169435216 0.452625363372093 0.867109634551495 0.4642078488372093 0.8617109634551494 0.4542151162790698 0.8467607973421928
3 0.6965388808139534 0.8417774086378739 0.6879087936046512 0.8492524916943521 0.687000363372093 0.8617109634551494 0.6940406976744187 0.8679401993355481 0.7028978924418605 0.8662790697674418 0.7090297965116279 0.8633720930232559 0.7028978924418605 0.8509136212624584
3 0.9552143895348838 0.8430232558139534 0.9454487645348838 0.8467607973421928 0.939998183139535 0.8558970099667774 0.9459029796511628 0.867109634551495 0.9522619912790697 0.872093023255814 0.9613462936046512 0.8725083056478407 0.9665697674418604 0.8679401993355481 0.9597565406976745 0.8554817275747509
