0 0.11967054263565893 0.0011074197120708748 0.3516230620155039 0.10852713178294575 0.6986434108527132 0.2646733111849391 0.9972141472868217 0.41417497231450723 0.998425387596899 0.5315614617940199 0.938468992248062 0.49169435215946844 0.3594961240310078 0.2203765227021041 0.003391472868217068 0.06312292358803986 0.0004155807270783352 1.0150610510858574e-17
1 0.0754452506596306 0.09347908028646815 0.0752391160949868 0.10742555597436865 0.04638027704485488 0.2389747455710516 0.042051451187335095 0.26422917451941197 0.04102077836411609 0.290991330569167 0.044937335092348284 0.32604598567659254 0.05070910290237467 0.34677723332076893 0.06431398416886544 0.3637391632114587 0.07255936675461741 0.3742932529212213 0.08616424802110818 0.366754617414248 0.09647097625329816 0.35356200527704484 0.12347460422163588 0.3034300791556728 0.13213225593667546 0.290991330569167 0.12471141160949868 0.2789295137580098 0.10760224274406331 0.2570674707877874 0.10141820580474933 0.2638522427440633 0.09399736147757257 0.2744063324538259 0.08389676781002639 0.2962683754240482 0.07400230870712401 0.3094609875612514 0.06884894459102903 0.3200150772710139 0.06864281002638523 0.29212212589521297 0.07235323218997361 0.2597059932152281 0.10842678100263851 0.10667169242367132
1 0.30528529023746703 0.19148134187712024 0.30796503957783644 0.20429702223897472 0.30590369393139843 0.21824349792687522 0.28652704485488123 0.3004146249528835 0.2760141820580475 0.35092348284960423 0.2745712401055409 0.36939313984168864 0.2762203166226913 0.3950245005653976 0.28199208443271767 0.42367131549189596 0.28611477572559363 0.4474180173388617 0.29827671503957787 0.4632491519035055 0.30425461741424803 0.4779494911421032 0.31703496042216356 0.47342630983791933 0.33723614775725597 0.4530719939690916 0.36980540897097625 0.4078401809272521 0.37413423482849606 0.39992461364493026 0.35516985488126646 0.37052393516773463 0.3496042216358839 0.3803241613267998 0.32960916886543534 0.4036939313984169 0.3015748680738786 0.4398793818318884 0.29477242744063326 0.40218620429702223 0.29312335092348285 0.3833396155295891 0.29930738786279687 0.3618545043347154 0.33270118733509235 0.22238974745571052 0.33496866754617416 0.2046739540143234
1 0.5279106200527705 0.2958914436486996 0.5369805408970977 0.3098379193366001 0.5357437335092349 0.32868450810403316 0.5209020448548813 0.4474180173388617 0.5196652374670185 0.4658876743309461 0.5194591029023747 0.48925744440256314 0.5301781002638523 0.5194119864304562 0.5439891160949868 0.5469280060309084 0.5598614775725593 0.5736901620806634 0.5720234168865435 0.5721824349792688 0.5856282981530343 0.556351300414625 0.6029436015831134 0.5310968714662646 0.628092018469657 0.48398039954768185 0.6109828496042217 0.4542027892951376 0.6029436015831134 0.4643799472295514 0.5676945910290238 0.5269506219374294 0.5584185356200527 0.5375047116471918 0.5522344986807388 0.5382585751978891 0.5400725593667546 0.501696192989069 0.5398664248021108 0.474934036939314 0.5464627308707124 0.42593290614398793 0.5631596306068601 0.3162457595175273 0.56748845646438 0.3007915567282322
1 0.7473571958456973 0.39932174650275537 0.7603393916913946 0.41712590080542605 0.7575574925816023 0.4400169563374311 0.7429525222551929 0.5553200508690123 0.7427206973293768 0.5917761763459093 0.7512982195845697 0.6197541331072488 0.7682214391691394 0.6642645188639253 0.7879265578635015 0.6875794828317083 0.804154302670623 0.6812208562950403 0.8273367952522255 0.649003815175922 0.8549239614243322 0.6057651547265791 0.851446587537092 0.5947435353963544 0.8386962166172106 0.576091564222128 0.7900129821958457 0.6481559983043663 0.7805081602373887 0.6545146248410343 0.7652077151335311 0.6176345909283595 0.7633531157270029 0.6066129715981348 0.7626576409495549 0.5790589232725731 0.7786535608308605 0.4548537515896566 0.7858401335311573 0.4162780839338702
1 0.9659681008902077 0.5061466723187791 0.9803412462908012 0.532852903772785 0.9715318991097922 0.6231454005934718 0.9668954005934719 0.6735905044510385 0.9740819732937686 0.7168291649003815 0.99921875 0.7661063055425071 0.99921875 0.7422636710470538 0.9854413946587537 0.7108944467994913 0.9828913204747775 0.7002967359050445 0.9852095697329377 0.6608732513777024 0.998655415430267 0.5353963543874523
2 0.0985635696821516 0.26999650716032136 0.1035299511002445 0.2755850506461754 0.12530562347188265 0.2982885085574572 0.12912591687041566 0.28920712539294446 0.12129431540342299 0.2755850506461754 0.10601314180929096 0.25742228431714986
2 0.34879278728606355 0.37932238910234023 0.35471424205378976 0.3887530562347188 0.36980440097799516 0.4086622424030737 0.3726696210268949 0.39993014320642684 0.36808526894865523 0.38735592036325533 0.359489608801956 0.3754802654558156 0.3552872860635697 0.3726859937128886
2 0.6022692542787287 0.4648969612294796 0.6076176650366748 0.47362906042612646 0.6225168092909537 0.4959832343695424 0.6286292787286063 0.4844568634299686 0.6228988386308069 0.4708347886831995 0.6118199877750612 0.45581557806496686
2 0.8332059902200489 0.5853999301432065 0.8393184596577017 0.595179881243451 0.8509703545232273 0.6105483758295495 0.8545996332518337 0.6049598323436954 0.8507793398533007 0.5902899056933287 0.839700488997555 0.5777156828501572
3 0.06895629584352078 0.32203981837233675 0.054821210268948664 0.3328676213761788 0.04851772616136919 0.340901152637094 0.05558526894865525 0.3531260915123996 0.07354064792176039 0.3751309814879497 0.08557457212713937 0.3674467341949004 0.06570904645476773 0.33950401676563047
3 0.3002750611246944 0.43695424380020953 0.2922524449877751 0.43695424380020953 0.28862316625916873 0.44708347886831995 0.29378056234718825 0.4600069856793574 0.30485941320293397 0.47432762836185827 0.31154492665036676 0.47432762836185827 0.301039119804401 0.44987775061124696
3 0.555088630806846 0.5403422982885087 0.5470660146699267 0.5351030387705205 0.5419086185819071 0.5448829898707649 0.5497402200488998 0.5571079287460705 0.5600550122249388 0.5742228431714985 0.5715158924205379 0.5735242752357667 0.5573808068459658 0.5501222493887531
3 0.7816320293398533 0.653510303877052 0.7738004278728606 0.6489696122947957 0.7680699877750612 0.6604959832343695 0.7762836185819071 0.6727209221096753 0.7841152200488998 0.6856444289207125 0.7934749388753056 0.6856444289207125 0.7833511613691931 0.6653859587844918
