0 0.039728682170542644 0.9977851605758581 0.17175387596899228 0.8150609080841638 0.3485949612403101 0.5703211517165006 0.5181686046511629 0.3444075304540421 0.6883478682170543 0.13178294573643412 0.7925145348837209 0.0 0.9233284883720929 0.0 0.6877422480620156 0.28903654485049834 0.4618459302325581 0.5725359911406422 0.2510901162790698 0.8549280177187153 0.14510658914728686 0.9966777408637874
1 0.2261065175097276 0.8699277376320179 0.23553015564202334 0.8904947192884938 0.2400899805447471 0.9244024458032242 0.2507295719844358 0.9760978321289605 0.25650535019455256 0.9983324068927183 0.31547908560311283 0.9977765425236244 0.3109192607003891 0.8932740411339634 0.30696741245136183 0.8599221789883269 0.2948078793774319 0.860478043357421 0.2856882295719844 0.8643690939410784 0.2817363813229572 0.8760422456920511 0.2884068755832174 0.9985714285714286 0.27839250972762647 0.9961089494163424 0.266840953307393 0.9294052251250696 0.25528939688715957 0.867704280155642 0.2540734435797666 0.831573096164536
1 0.43525048638132297 0.5875486381322957 0.44619406614785995 0.6070038910505837 0.4550097276264591 0.6486937187326293 0.46321741245136183 0.689271817676487 0.4702091439688716 0.7281823235130629 0.4796327821011673 0.7576431350750417 0.49057636186770426 0.7720956086714843 0.5075997081712063 0.7815453029460813 0.5246230544747081 0.7882156753752084 0.5398224708171206 0.7859922178988328 0.5452942607003891 0.7654252362423569 0.5498540856031128 0.6981656475819901 0.5535019455252919 0.6392440244580323 0.5528939688715953 0.6181211784324625 0.5483341439688716 0.6097832128960534 0.539214494163424 0.6081156197887716 0.5282709143968871 0.6081156197887716 0.5261429961089494 0.631461923290717 0.5234071011673151 0.6787103946637021 0.5215831712062257 0.745414118954975 0.5188472762645915 0.7654252362423569 0.5109435797665369 0.7576431350750417 0.5003039883268483 0.7470817120622569 0.49635214007782097 0.7342968315730962 0.4872324902723735 0.6942745969983325 0.46595330739299606 0.5931072818232352 0.4656493190661478 0.5764313507504168 0.4635214007782101 0.5630906058921623 0.45987354085603116 0.5503057254030017
1 0.661113813229572 0.29905503057254035 0.673273346303502 0.31906614785992216 0.6869528210116731 0.35075041689827685 0.7003283073929961 0.3807670928293497 0.7091439688715953 0.40578098943857704 0.72221546692607 0.4357976653696498 0.7325510700389105 0.4480266814897165 0.7477504863813229 0.4552529182879378 0.7678137159533074 0.4552529182879378 0.7924367704280155 0.4552529182879378 0.8067242217898833 0.4480266814897165 0.8182757782101167 0.4202334630350195 0.8249635214007782 0.3501945525291829 0.8286113813229571 0.29405225125069484 0.8276994163424124 0.2634797109505281 0.8149319066147861 0.25514174541411894 0.8052042801556419 0.2573652028904947 0.8027723735408561 0.2757087270705948 0.7985165369649805 0.3296275708727071 0.7957806420233463 0.3985547526403557 0.7897008754863812 0.42134519177320734 0.7814931906614786 0.4313507504168983 0.7471425097276264 0.43635352973874375 0.735590953307393 0.41022790439132856 0.6985043774319066 0.31906614785992216 0.6836089494163424 0.27959977765425237 0.6796571011673151 0.2573652028904947
1 0.9274075875486382 0.0033351862145636468 0.9383511673151752 0.011673151750972765 0.9617582684824904 0.048360200111172875 0.9879012645914397 0.08060033351862146 0.99921875 0.08931394634446035 0.99921875 0.07170650361311841 0.9489907587548638 0.0005558643690939411
2 0.28325632295719844 0.8899388549193997 0.29237597276264593 0.8988326848249028 0.3115272373540856 0.8888271261812118 0.30666342412451364 0.8571428571428571 0.28538424124513617 0.8632573652028905 0.2811284046692607 0.877153974430239
2 0.5273589494163424 0.6364647026125626 0.5346546692607004 0.6364647026125626 0.5528939688715953 0.6297943301834353 0.5535019455252919 0.6186770428015564 0.5489421206225681 0.6070038910505837 0.5361746108949416 0.6064480266814898 0.5264469844357976 0.6147859922178989
2 0.8015564202334631 0.2812673707615342 0.811284046692607 0.2879377431906615 0.8280034046692608 0.28682601445247363 0.8289153696498055 0.264035575319622 0.8134119649805447 0.25458588104502505 0.8049002918287937 0.25903279599777657
3 0.5158073929961089 0.7615341856586993 0.5118555447470816 0.7698721511951084 0.5106395914396887 0.7848804891606449 0.5313107976653696 0.7871039466370207 0.5419503891050583 0.782657031684269 0.5240150778210116 0.7709838799332963
3 0.7811892023346304 0.43190661478599224 0.7811892023346304 0.4463590883824347 0.7872689688715953 0.4558087826570317 0.7948686770428015 0.4558087826570317 0.8049002918287937 0.4491384102279044 0.8118920233463035 0.4419121734296832 0.8143239299610896 0.43246247915508623 0.7988205252918288 0.4219010561423013 0.7924367704280155 0.4163424124513619 0.7887889105058365 0.42523624235686497 0.7845330739299611 0.4280155642023347
