0 0.004910714285714286 0.38938775510204077 0.23035714285714284 0.19428571428571428 0.3944196428571428 0.06040816326530612 0.4671875 0.002857142857142857 0.4685267857142857 0.0024489795918367346 0.6087053571428571 0.0012244897959183673 0.4419642857142857 0.12857142857142856 0.0017857142857142857 0.4836734693877551
1 0.029017857142857144 0.4142857142857143 0.0359375 0.42857142857142855 0.036830357142857144 0.44734693877551024 0.040848214285714286 0.4604081632653061 0.0390625 0.4812244897959183 0.0390625 0.48775510204081635 0.03549107142857143 0.4897959183673469 0.0296875 0.5122448979591836 0.025223214285714286 0.5497959183673469 0.020758928571428574 0.576734693877551 0.020758928571428574 0.5910204081632653 0.028348214285714286 0.5942857142857143 0.0328125 0.5979591836734693 0.0359375 0.5926530612244898 0.0390625 0.5746938775510204 0.04263392857142857 0.5526530612244898 0.045535714285714284 0.5257142857142857 0.05066964285714286 0.4995918367346939 0.05535714285714286 0.46897959183673465 0.06049107142857143 0.45714285714285713 0.06473214285714286 0.44408163265306116 0.06584821428571429 0.4281632653061225 0.06495535714285713 0.4163265306122449 0.06026785714285714 0.40448979591836737 0.0546875 0.39877551020408164 0.046875 0.39673469387755106 0.040848214285714286 0.40244897959183673 0.03638392857142857 0.4146938775510204 0.03325892857142857 0.4114285714285714
1 0.16361607142857143 0.30448979591836733 0.1625 0.32285714285714284 0.1627232142857143 0.34897959183673466 0.1625 0.3693877551020408 0.16116071428571427 0.3906122448979592 0.159375 0.4114285714285714 0.15736607142857142 0.43224489795918364 0.15714285714285714 0.45102040816326533 0.15714285714285714 0.46897959183673465 0.16428571428571428 0.4742857142857143 0.16428571428571428 0.4742857142857143 0.17410714285714285 0.45632653061224493 0.1783482142857143 0.40285714285714286 0.1796875 0.36775510204081635 0.17924107142857143 0.356734693877551 0.17924107142857143 0.356734693877551 0.1828125 0.3342857142857143 0.18839285714285714 0.31755102040816324 0.1854910714285714 0.29020408163265304 0.17276785714285714 0.29510204081632657
1 0.321875 0.17918367346938777 0.32142857142857145 0.1836734693877551 0.32589285714285715 0.20122448979591837 0.32767857142857143 0.21632653061224488 0.3267857142857143 0.2583673469387755 0.32611607142857146 0.2963265306122449 0.32589285714285715 0.3253061224489796 0.3296875 0.33387755102040817 0.34598214285714285 0.3408163265306123 0.35111607142857143 0.33183673469387753 0.3546875 0.3118367346938775 0.3625 0.21714285714285714 0.36160714285714285 0.20408163265306123 0.36160714285714285 0.20408163265306123 0.35200892857142857 0.19510204081632654 0.34732142857142856 0.19346938775510203 0.35111607142857143 0.1730612244897959 0.3533482142857143 0.1546938775510204 0.35200892857142857 0.14489795918367349 0.33303571428571427 0.16530612244897958
1 0.49575892857142856 0.035510204081632656 0.5013392857142857 0.06285714285714286 0.5024553571428572 0.0910204081632653 0.5013392857142857 0.14040816326530614 0.49955357142857143 0.17142857142857143 0.5020089285714285 0.19591836734693877 0.5064732142857143 0.21755102040816326 0.5165178571428571 0.22653061224489798 0.5263392857142857 0.23061224489795917 0.5303571428571429 0.2257142857142857 0.5357142857142857 0.20775510204081632 0.5491071428571429 0.12775510204081633 0.5497767857142857 0.10448979591836734 0.5464285714285715 0.09673469387755101 0.5399553571428571 0.09306122448979591 0.5348214285714286 0.09224489795918367 0.5348214285714286 0.09224489795918367 0.5258928571428572 0.13020408163265307 0.5205357142857143 0.16612244897959186 0.5171875 0.1877551020408163 0.5191964285714286 0.11469387755102042 0.5209821428571428 0.07142857142857142 0.5243303571428571 0.055102040816326525 0.5272321428571429 0.035918367346938776 0.521875 0.024081632653061225 0.5107142857142857 0.023265306122448978 0.5004464285714285 0.02857142857142857
1 0.7015625 0.0016326530612244896 0.7035714285714285 0.018367346938775512 0.7051339285714285 0.03795918367346939 0.7136160714285714 0.054693877551020405 0.7314732142857143 0.06897959183673469 0.7479910714285715 0.07551020408163264 0.7582589285714285 0.06816326530612245 0.7658482142857144 0.045306122448979594 0.7758928571428572 0.0016326530612244896 0.7497767857142856 0.0020408163265306124 0.7448660714285714 0.019591836734693877 0.740625 0.036734693877551024 0.7372767857142857 0.046530612244897955 0.7321428571428571 0.04979591836734693 0.7265625 0.046122448979591835 0.7207589285714285 0.0016326530612244896
2 0.031473214285714285 0.503265306122449 0.046205357142857145 0.5138775510204082 0.04933035714285715 0.4987755102040817 0.03616071428571428 0.4865306122448979 0.03616071428571428 0.4865306122448979 0.03125 0.49591836734693884
2 0.1620535714285714 0.36775510204081635 0.1660714285714286 0.3538775510204082 0.17232142857142857 0.3546938775510204 0.1783482142857143 0.35510204081632657 0.17991071428571428 0.37142857142857144 0.17879464285714286 0.37714285714285717 0.16294642857142858 0.3746938775510204
2 0.34464285714285714 0.19673469387755102 0.3390625 0.20326530612244897 0.3375 0.21510204081632656 0.3430803571428572 0.22326530612244896 0.3609375 0.22857142857142856 0.36160714285714285 0.20448979591836733 0.3508928571428572 0.19346938775510203
2 0.5296875 0.11183673469387756 0.5470982142857144 0.12693877551020408 0.5502232142857143 0.1036734693877551 0.5453125 0.09428571428571429 0.5377232142857143 0.09183673469387756 0.5328125 0.09142857142857143
3 0.022321428571428572 0.5718367346938775 0.02098214285714286 0.5840816326530612 0.025 0.5918367346938775 0.032589285714285716 0.5942857142857143 0.0359375 0.5902040816326531 0.03794642857142857 0.5746938775510204
3 0.1598214285714286 0.4502040816326531 0.1732142857142857 0.45387755102040817 0.1734375 0.4738775510204082 0.16741071428571427 0.4795918367346939 0.1620535714285714 0.47346938775510206 0.1546875 0.46897959183673465 0.15602678571428572 0.4526530612244898
3 0.32611607142857146 0.3028571428571429 0.3263392857142857 0.31632653061224486 0.32857142857142857 0.33102040816326533 0.33616071428571426 0.336734693877551 0.34732142857142856 0.34122448979591835 0.35133928571428574 0.33102040816326533 0.33638392857142857 0.32244897959183677 0.33504464285714286 0.3106122448979592 0.3352678571428572 0.2963265306122449
3 0.5011160714285714 0.1926530612244898 0.5051339285714286 0.20979591836734696 0.5120535714285714 0.22408163265306122 0.5238839285714285 0.2289795918367347 0.53125 0.22448979591836735 0.5339285714285714 0.21142857142857144 0.5169642857142857 0.2016326530612245 0.5162946428571429 0.18816326530612246 0.50625 0.1877551020408163
3 0.7279017857142857 0.04775510204081633 0.7238839285714286 0.06448979591836736 0.7319196428571428 0.06938775510204082 0.7397321428571428 0.07265306122448979 0.7475446428571428 0.07428571428571429 0.75625 0.06816326530612245 0.759375 0.06 0.74375 0.04775510204081633 0.7415178571428571 0.035510204081632656 0.7383928571428571 0.045306122448979594 0.7325892857142857 0.04897959183673469
