0 0.000968992248062029 0.10520487264673313 0.39219961240310075 0.31450719822812845 0.7785852713178294 0.5260243632336655 0.99921875 0.6524441688468049 0.99921875 0.7452934662236987 0.6635174418604651 0.5503875968992248 0.2916666666666667 0.35658914728682173 0.0 0.19868714590655945
1 0.08516533430232558 0.2254983388704319 0.08698219476744187 0.24709302325581398 0.0774436773255814 0.276578073089701 0.061091933139534885 0.337624584717608 0.05586845930232558 0.3600498338870432 0.05586845930232558 0.3845514950166113 0.06268168604651163 0.417358803986711 0.08016896802325582 0.4501661129568107 0.09379542151162791 0.4431063122923588 0.13422056686046513 0.38081395348837205 0.11741460755813952 0.35299003322259137 0.11173691860465115 0.3550664451827243 0.07608103197674418 0.4061461794019933 0.07471838662790697 0.3899501661129568 0.08062318313953488 0.36710963455149503 0.10515079941860465 0.276578073089701 0.11627906976744187 0.23961794019933555 0.12445494186046513 0.22674418604651164
1 0.27275617732558144 0.3255813953488372 0.2784338662790698 0.3442691029900332 0.2741188226744186 0.3650332225913621 0.24981831395348836 0.4480897009966778 0.24845566860465115 0.4696843853820598 0.25390625 0.5016611295681064 0.26117369186046513 0.5253322259136213 0.27093931686046513 0.5465116279069767 0.2816133720930233 0.5481727574750831 0.33293968023255816 0.49294019933554817 0.3254451308139535 0.4738372093023256 0.3190861191860465 0.46345514950166117 0.2847928779069767 0.5024916943521595 0.27434593023255816 0.5132890365448505 0.26730559593023256 0.5137043189368771 0.2620821220930233 0.48837209302325585 0.2659429505813954 0.4676079734219269 0.2843386627906977 0.40365448504983387 0.29319585755813954 0.3700166112956811 0.30091751453488375 0.3421926910299003
1 0.4553506540697675 0.4264950166112957 0.4642078488372093 0.4368770764119601 0.4632994186046512 0.4630398671096346 0.45058139534883723 0.5377906976744187 0.4480832122093023 0.5606312292358804 0.4489916424418604 0.5826411960132891 0.4771529796511628 0.6403654485049833 0.4862372819767442 0.6428571428571429 0.498046875 0.6349667774086378 0.5380178052325582 0.5751661129568106 0.5318859011627908 0.5552325581395349 0.5241642441860466 0.5460963455149501 0.511219113372093 0.5643687707641196 0.4939589389534884 0.5926079734219268 0.4807867005813954 0.6108803986710963 0.472156613372093 0.6071428571428571 0.4621638808139535 0.5880398671096346 0.4660247093023256 0.5564784053156147 0.4782885174418605 0.47840531561461797 0.4835119912790698 0.4555647840531562 0.4914607558139535 0.4381229235880399
1 0.6329487645348837 0.5240863787375416 0.6422601744186046 0.5348837209302326 0.6406704215116279 0.5544019933554817 0.6304505813953488 0.625 0.6263626453488372 0.6561461794019934 0.6306776889534884 0.6839700996677741 0.641124636627907 0.7097176079734219 0.6502089389534884 0.7308970099667774 0.6595203488372092 0.7458471760797342 0.670875726744186 0.7475083056478407 0.6888172238372092 0.7254983388704319 0.7194767441860466 0.6794019933554817 0.7092569040697675 0.6553156146179402 0.7044876453488372 0.6532392026578073 0.6715570494186046 0.7005813953488372 0.6615643168604651 0.7134551495016611 0.6540697674418605 0.7130398671096346 0.6481649709302325 0.7022425249169435 0.6422601744186046 0.6868770764119602 0.6433957122093024 0.6648671096345515 0.6547510901162791 0.5834717607973422 0.6592932412790697 0.5494186046511628 0.6679233284883721 0.5269933554817277
1 0.8096384447674418 0.6150332225913622 0.8157703488372092 0.6262458471760798 0.8191769622093024 0.6403654485049833 0.8189498546511628 0.6565614617940199 0.810546875 0.7304817275747508 0.8091842296511628 0.7570598006644519 0.8132721656976745 0.7819767441860466 0.8230377906976745 0.8064784053156147 0.8396166424418604 0.8322259136212624 0.8475654069767442 0.8380398671096345 0.8607376453488372 0.8322259136212624 0.9032067587209303 0.7736710963455149 0.9004814680232558 0.7541528239202658 0.8943495639534884 0.747093023255814 0.8714117005813954 0.7782392026578074 0.8523346656976745 0.8039867109634552 0.8402979651162792 0.8077242524916943 0.832576308139535 0.7960963455149502 0.8207667151162792 0.7769933554817277 0.8255359738372092 0.7263289036544851 0.8316678779069768 0.6740033222591362 0.8350744912790697 0.6424418604651163 0.8464298691860466 0.6233388704318936
1 0.9822401889534884 0.7217607973421927 0.9938226744186046 0.7516611295681063 0.9940497819767442 0.7786544850498339 0.989280523255814 0.8343023255813954 0.9881449854651162 0.8612956810631229 0.993595566860465 0.8870431893687708 0.99921875 0.8988488987326195 0.99921875 0.7159468438538207
2 0.1049236918604651 0.3683554817275747 0.12468204941860465 0.3978405315614618 0.13512899709302326 0.3824750830564784 0.11537063953488372 0.35174418604651164
2 0.3088662790697675 0.4750830564784053 0.32476380813953487 0.5012458471760798 0.33384811046511625 0.49169435215946844 0.31817768895348836 0.4630398671096346
2 0.5168968023255813 0.5556478405315615 0.5325672238372092 0.5851328903654485 0.5393804505813954 0.5730897009966778 0.5246184593023255 0.5460963455149501
2 0.6979015261627908 0.6652823920265781 0.712890625 0.6910299003322259 0.719703851744186 0.678156146179402 0.705623183139535 0.6528239202657807
2 0.8877634447674418 0.7566445182724252 0.8986646075581396 0.7815614617940199 0.905250726744186 0.7720099667774086 0.8961664244186046 0.7458471760797342
3 0.07585392441860465 0.40365448504983387 0.06472565406976745 0.3999169435215947 0.05950218023255814 0.40822259136212624 0.06381722383720931 0.42026578073089704 0.0690406976744186 0.4314784053156146 0.0788063226744186 0.44601328903654486 0.08516533430232558 0.446843853820598 0.07494549418604651 0.42026578073089704 0.07698946220930233 0.40863787375415284
3 0.267078488372093 0.5112126245847176 0.25867550872093026 0.5137043189368771 0.263671875 0.5319767441860466 0.2713935319767442 0.5460963455149501 0.27797965116279066 0.5473421926910299 0.26844113372093026 0.5269933554817277 0.27048510174418605 0.5141196013289037
3 0.4696584302325581 0.603405315614618 0.4648891715116279 0.614202657807309 0.472156613372093 0.6320598006644519 0.4839662063953488 0.6432724252491694 0.4900981104651163 0.6407807308970099 0.4787427325581396 0.6212624584717609 0.4787427325581396 0.6117109634551495 0.4728379360465117 0.6083887043189369
3 0.6517986918604651 0.7088870431893688 0.6463481104651163 0.7196843853820598 0.6561137354651163 0.739202657807309 0.6602016715116279 0.7462624584717609 0.6720112645348837 0.7437707641196013 0.6615643168604651 0.7254983388704319 0.6624727470930233 0.7151162790697674 0.6563408430232558 0.7151162790697674
3 0.8371184593023256 0.8027408637873754 0.8316678779069768 0.8106312292358804 0.8305323401162792 0.8210132890365448 0.8409792877906976 0.8351328903654485 0.8518804505813954 0.8380398671096345 0.8455214389534884 0.8210132890365448 0.846202761627907 0.8081395348837208 0.8409792877906976 0.8089700996677741
