0 0.0021802325581395483 0.10741971207087486 0.051841085271317845 0.10631229235880399 0.17235949612403104 0.08970099667774085 0.24685077519379844 0.08970099667774085 0.37887596899224807 0.09080841638981173 0.4618459302325581 0.09191583610188263 0.5787306201550388 0.09302325581395349 0.7234738372093024 0.07862679955703211 0.8706395348837208 0.06755260243632337 0.9966085271317828 0.05869324473975636 0.99921875 0.17229014396456688 0.9990310077519379 0.1904761904761905 0.7846414728682171 0.20487264673311184 0.6162790697674418 0.21926910299003322 0.4612403100775194 0.2292358803986711 0.3013565891472868 0.23366555924695462 0.21717538759689922 0.2292358803986711 0.14207848837209305 0.24031007751937986 0.0003633720930232693 0.26245847176079734
1 0.06879844961240311 0.2502768549280177 0.09786821705426357 0.2779623477297896 0.10453003875968994 0.31118493909191586 0.11664244186046513 0.3842746400885936 0.15843023255813954 0.540420819490587 0.16630329457364343 0.5736434108527132 0.18204941860465118 0.5980066445182723 0.21172480620155038 0.6323366555924695 0.23958333333333334 0.655592469545958 0.26623062015503873 0.663344407530454 0.2813711240310078 0.6400885935769657 0.2856104651162791 0.6068660022148394 0.3019622093023256 0.4374307862679956 0.2928779069767442 0.42635658914728686 0.28439922480620156 0.4684385382059801 0.27410368217054265 0.5980066445182723 0.2674418604651163 0.6079734219269103 0.2535125968992248 0.6090808416389811 0.20809108527131787 0.5658914728682171 0.19295058139534887 0.5426356589147286 0.17962693798449614 0.5238095238095238 0.1517684108527132 0.3964562569213732 0.12512112403100778 0.2956810631229236 0.13541666666666669 0.2702104097452935 0.14268410852713181 0.2558139534883721 0.14631782945736435 0.23809523809523808
1 0.37133441943127965 0.2301963439404198 0.3902177132701422 0.26201760324983076 0.4039173578199051 0.29045362220717674 0.4076199644549763 0.5450236966824644 0.4176170023696682 0.5781990521327015 0.4387218601895734 0.6330399458361544 0.46501036729857814 0.6729857819905214 0.47722896919431274 0.6858496953283684 0.49463122037914686 0.6763710223425864 0.505368779620853 0.6560595802301964 0.5549837085308057 0.5233581584292485 0.5475784952606635 0.49424509140148953 0.5394327606635071 0.4854434664861205 0.5294357227488151 0.5098171970209886 0.5038877369668245 0.5815842924847664 0.49055835308056867 0.6174678402166555 0.48389366113744076 0.6303317535545024 0.47241558056872035 0.6350710900473934 0.45612411137440756 0.6147596479350034 0.44020290284360186 0.5775220040622885 0.4231709123222748 0.5355450236966826 0.4209493483412322 0.3662830060934327 0.4209493483412322 0.28842247799593773 0.43205716824644547 0.27014218009478674 0.450940462085308 0.24915368991198375 0.46056723933649285 0.2268111035883548
1 0.6338492298578199 0.2180094786729858 0.64791913507109 0.2437373053486798 0.6638403436018957 0.2626946513202438 0.668283471563981 0.28097494922139477 0.6656916469194313 0.37102234258632366 0.6653213862559241 0.4583615436696005 0.6693942535545023 0.5328368314150305 0.6916098933649288 0.5897088693297224 0.7097526658767772 0.6276235612728503 0.7264143957345971 0.6519972918077184 0.7390032582938388 0.6540284360189573 0.7527029028436019 0.6391333784698714 0.7645512440758294 0.6113744075829384 0.8015773104265402 0.5003385240352065 0.8030583530805687 0.4874746106973596 0.790469490521327 0.4603926878808396 0.7834345379146919 0.4576844955991876 0.7763995853080569 0.4786729857819906 0.7471489928909952 0.5666892349356805 0.7375222156398105 0.5897088693297224 0.7245630924170616 0.6086662153012864 0.7119742298578199 0.5944482058226135 0.6867965047393365 0.5389302640487476 0.6845749407582937 0.5206499661475965 0.6830938981042654 0.4935680433310765 0.6867965047393365 0.2796208530805687 0.7004961492890995 0.25050778605280977 0.7112337085308057 0.2241029113067028 0.7234523104265402 0.2085308056872038
1 0.9285767180094787 0.1909275558564658 0.9352414099526067 0.19837508463100884 0.9411655805687204 0.2173324306025728 0.9396845379146921 0.23899796885578878 0.9185796800947867 0.4380501015572106 0.9185796800947867 0.45903859174001355 0.9211715047393365 0.49153689911983756 0.9315388033175356 0.5335138794854435 0.9581975710900474 0.5930941096817874 0.9741187796208532 0.6147596479350034 0.9848563388625593 0.6167907921462424 0.9948533767772514 0.6066350710900474 0.99921875 0.5974246133013908 0.99921875 0.49966147596479354 0.9896697274881519 0.5220040622884226 0.9807834715639812 0.5429925524712255 0.9726377369668248 0.5605958023019635 0.9648622630331755 0.5700744752877455 0.9493113151658769 0.5125253893026405 0.9467194905213271 0.4922139471902506 0.9515328791469194 0.4333107650643196 0.9707864336492891 0.24712254570074477 0.9811537322274881 0.22816519972918078 0.9811537322274881 0.2200406228842248 0.9907805094786731 0.2058226134055518 0.9967046800947867 0.18686526743398782
1 0.0025547985781990017 0.5287745429925524 0.0107005331753554 0.5321597833446174 0.007368187203791418 0.5680433310765064 0.0 0.6279993229519292 0.0 0.5653351387948545
2 0.0029250592417061107 0.5301286391333785 0.011070793838862508 0.5314827352742045 0.008478969194312746 0.5700744752877455 0.0007034952606634566 0.6296547054840894 0.0003332345971563476 0.5633039945836155
2 0.28247186018957343 0.49085985104942453 0.2972822867298578 0.49153689911983756 0.3032064573459715 0.4380501015572106 0.2928391587677725 0.4251861882193636 0.2850636848341232 0.47257955314827355
2 0.5298059834123222 0.5098171970209886 0.5331383293838863 0.5429925524712255 0.5431353672985781 0.5558564658090724 0.5549837085308057 0.5233581584292485 0.5479487559241706 0.49424509140148953 0.5383219786729858 0.48612051455653355
2 0.7756590639810426 0.4840893703452946 0.7882479265402844 0.5044008124576845 0.7982449644549763 0.5132024373730535 0.80416913507109 0.49153689911983756 0.7982449644549763 0.47596479350033855 0.790469490521327 0.4583615436696005 0.7826940165876777 0.45633039945836157
3 0.2547023104265403 0.6073121191604605 0.2509997037914692 0.6371022342586323 0.24507553317535544 0.6553825321597834 0.2550725710900474 0.6635071090047393 0.2669209123222749 0.6607989167230874 0.2765476895734597 0.6465809072444144 0.2832123815165877 0.6269465132024374 0.28617446682464454 0.6079891672308734 0.27580716824644547 0.6005416384563305 0.2695127369668246 0.6093432633716994 0.26210752369668244 0.6113744075829384
3 0.4631590639810426 0.6255924170616114 0.4701940165876777 0.6526743398781314 0.4642698459715639 0.6743398781313474 0.47426688388625593 0.6824644549763034 0.48389366113744076 0.6811103588354773 0.4938906990521327 0.6763710223425864 0.5061093009478672 0.6553825321597834 0.49648252369668244 0.6384563303994584 0.4924096563981042 0.6120514556533514 0.48685574644549756 0.6269465132024374 0.481301836492891 0.6337169939065674 0.47167505924170616 0.6330399458361544
3 0.7175281398104265 0.6012186865267435 0.7086418838862559 0.6235612728503723 0.7223415284360188 0.6479350033852405 0.7327088270142179 0.6540284360189573 0.7449274289099526 0.6499661475964794 0.7545542061611374 0.6357481381178064 0.7619594194312796 0.6188219363574815 0.7512218601895734 0.6100203114421124 0.7423356042654028 0.5849695328368314 0.7341898696682464 0.5958023019634394 0.7264143957345971 0.6066350710900474 0.7223415284360188 0.6059580230196344
3 0.9659730450236967 0.5700744752877455 0.9556057464454977 0.5822613405551794 0.9619001777251185 0.5971563981042654 0.9718972156398105 0.6120514556533514 0.9796726895734598 0.6154366960054164 0.9896697274881519 0.6113744075829384 0.9981857227488152 0.5985104942450914 0.997074940758294 0.5754908598510494 0.9826347748815166 0.5484089370345295 0.9696756516587678 0.5626269465132024
