0 0.001574612403100789 0.11627906976744187 0.328609496124031 0.14285714285714285 0.7149951550387597 0.18383167220376526 0.998425387596899 0.23034330011074197 0.998425387596899 0.3444075304540421 0.7101501937984496 0.2990033222591362 0.4436773255813954 0.27906976744186046 0.11421996124031011 0.2558139534883721 0.000968992248062029 0.2502768549280177 1.7347234759768072e-19 0.14219269102989882
1 0.04146039603960396 0.25403111739745404 0.06002475247524752 0.28826025459688825 0.06977103960396039 0.3338048090523338 0.06992574257425743 0.3722772277227723 0.07549504950495049 0.5454031117397454 0.07920792079207921 0.5768033946251768 0.10550742574257425 0.6526166902404527 0.13258044554455445 0.7038189533239039 0.14650371287128713 0.7117397454031118 0.17249381188118812 0.7032531824611032 0.23282797029702973 0.5954738330975955 0.22571163366336636 0.5833097595473834 0.20792079207920794 0.5838755304101839 0.20095915841584158 0.5937765205091938 0.15331064356435645 0.6800565770862801 0.1375309405940594 0.6497878359264498 0.11308787128712872 0.586987270155587 0.10612623762376239 0.5567185289957567 0.10396039603960397 0.4874115983026875 0.10179455445544554 0.2958981612446959 0.1010210396039604 0.2789250353606789 0.11169554455445545 0.25261669024045263 0.07379331683168318 0.25403111739745404
1 0.3862933168316832 0.27581329561527584 0.39511138613861385 0.2998585572842999 0.4039294554455446 0.32814710042432815 0.40501237623762376 0.3487977369165488 0.40532178217821785 0.4647807637906648 0.4045482673267327 0.5388967468175389 0.4067141089108911 0.5691654879773692 0.41135519801980197 0.5934936350777935 0.42094678217821785 0.6214992927864216 0.4472462871287129 0.6792079207920793 0.45993193069306926 0.7009900990099011 0.4693688118811881 0.7074964639321075 0.49644183168316836 0.7001414427157001 0.5474938118811881 0.6048090523338048 0.5454826732673268 0.5954738330975955 0.5406868811881188 0.592927864214993 0.5283106435643565 0.5949080622347949 0.5244430693069307 0.6014144271570014 0.47988861386138615 0.6809052333804809 0.47308168316831684 0.6743988684582745 0.4466274752475248 0.6161244695898161 0.4319306930693069 0.5756718528995757 0.4293007425742575 0.5301272984441302 0.43053836633663367 0.45120226308345124 0.4328589108910891 0.32475247524752476 0.43595297029702973 0.3060820367751061 0.44260519801980197 0.28118811881188116 0.4456992574257426 0.2698727015558699
1 0.6449566831683169 0.2905233380480905 0.6746596534653466 0.3315417256011316 0.6782178217821782 0.3445544554455446 0.6785272277227723 0.36520509193776524 0.6806930693069307 0.5405940594059406 0.682394801980198 0.5603960396039604 0.6853341584158417 0.5762376237623762 0.6904393564356436 0.5915134370579915 0.6960086633663367 0.6056577086280056 0.7196782178217822 0.648939179632249 0.7337561881188119 0.6724186704384724 0.7459777227722773 0.6865629420084866 0.7668626237623763 0.6814710042432814 0.7883663366336634 0.6435643564356436 0.8148205445544555 0.5912305516265912 0.8213180693069309 0.5756718528995757 0.8169863861386139 0.5674681753889674 0.8087871287128714 0.5649222065063649 0.8043007425742574 0.5688826025459689 0.7650061881188119 0.648939179632249 0.7541769801980198 0.6625176803394625 0.7427289603960396 0.6512022630834512 0.7229269801980198 0.6183875530410184 0.7071472772277227 0.5852899575671853 0.7008044554455446 0.5615275813295615 0.6984839108910891 0.5343705799151344 0.698019801980198 0.3618104667609618 0.698019801980198 0.328995756718529 0.7059096534653466 0.2998585572842999
1 0.8934096534653465 0.3236209335219236 0.9209467821782178 0.37736916548797733 0.9076423267326733 0.48175388967468175 0.8980507425742574 0.5222065063649223 0.8963490099009901 0.5553041018387553 0.8969678217821782 0.5875530410183876 0.9093440594059405 0.6413012729844413 0.9232673267326733 0.6942008486562942 0.9348700495049505 0.7094766619519095 0.9542079207920793 0.7074964639321075 0.9891707920792079 0.6780763790664781 0.99921875 0.6699704634328979 0.99921875 0.6438472418670438 0.9645730198019802 0.6741159830268741 0.9458539603960396 0.6893917963224894 0.9359529702970297 0.6854314002828854 0.9260519801980198 0.6565770862800566 0.9125928217821782 0.6025459688826026 0.9076423267326733 0.5717114568599717 0.9098081683168318 0.5454031117397454 0.926516089108911 0.4376237623762376 0.9331683168316832 0.3915134370579915 0.9353341584158417 0.36633663366336633 0.9381188118811881 0.35671852899575673 0.9593131188118813 0.3326732673267327 0.9620977722772277 0.32616690240452617
2 0.19707207207207206 0.6023166023166022 0.20481418918918917 0.6148648648648648 0.2225858671171171 0.6122908622908623 0.23191159909909906 0.5962033462033461 0.2257530968468468 0.5842985842985843 0.20886120495495492 0.5846203346203346
2 0.5192497184684683 0.6097168597168597 0.5262880067567568 0.6241956241956241 0.5405405405405406 0.6187258687258687 0.5475788288288288 0.6039253539253538 0.5452913851351351 0.5933075933075932 0.5405405405405406 0.5926640926640926 0.5287514076576576 0.5945945945945945
2 0.7983178490990991 0.5804375804375804 0.8060599662162161 0.592020592020592 0.8129222972972971 0.5952380952380952 0.8213682432432432 0.5762548262548262 0.8173212274774775 0.5669240669240668 0.8079954954954955 0.5662805662805662 0.801661036036036 0.5714285714285714
3 0.15097128378378377 0.6785714285714285 0.13812640765765766 0.6843629343629343 0.13126407657657657 0.7014157014157013 0.14287725225225223 0.7097812097812097 0.15273085585585583 0.7065637065637065 0.1713823198198198 0.6991634491634491 0.1587134009009009 0.6965894465894465 0.15308277027027026 0.683075933075933
3 0.4736768018018018 0.675997425997426 0.4601280968468468 0.6817889317889317 0.45520129504504503 0.6927284427284427 0.46188766891891886 0.7043114543114543 0.4708614864864864 0.7059202059202059 0.4851140202702703 0.7023809523809523 0.49707911036036034 0.6981981981981981 0.4826506193693693 0.6959459459459459 0.47526041666666663 0.684041184041184
3 0.7515132319819819 0.6608751608751608 0.7442989864864864 0.6669884169884169 0.7400760135135134 0.6798584298584298 0.7474662162162161 0.6837194337194337 0.7569679054054054 0.683075933075933 0.7671734234234233 0.6779279279279279 0.7701646959459458 0.6756756756756755 0.7625985360360359 0.674066924066924 0.7543285472972971 0.6640926640926641
3 0.9362682995495495 0.6843629343629343 0.9288780968468467 0.6943371943371942 0.9359163851351351 0.7065637065637065 0.9438344594594593 0.7088159588159587 0.9543918918918918 0.7043114543114543 0.9477055180180181 0.6891891891891891 0.9413710585585585 0.6888674388674387
