0 0.0003633720930232693 0.22591362126245848 0.3049903100775194 0.1284606866002215 0.6677567829457365 0.017718715393134 0.732736263109895 0.0 0.99921875 0.0 0.99921875 0.04052197802197802 0.5893930288461539 0.1449175824175824 0.21304086538461542 0.2548076923076923 0.0 0.331307476511404 0.0 0.22458791208791207
1 0.0015625 0.4057142857142857 0.016145833333333335 0.4933333333333333 0.03072916666666667 0.580952380952381 0.0548469387755102 0.6413994169096209 0.06186224489795918 0.6017492711370261 0.07940051020408163 0.5924198250728863 0.08322704081632652 0.5982507288629737 0.08354591836734693 0.6169096209912536 0.07302295918367346 0.6769679300291545 0.05038265306122449 0.6921282798833819 0.03730867346938775 0.6653061224489796 0.015625 0.6075801749271137 0.0006377551020408163 0.5387755102040815
1 0.1922831632653061 0.2641399416909621 0.203125 0.2851311953352769 0.2066326530612245 0.30437317784256557 0.21683673469387754 0.32769679300291543 0.22448979591836732 0.3527696793002915 0.23660714285714285 0.47463556851311955 0.24553571428571427 0.5131195335276967 0.2557397959183673 0.5568513119533528 0.26945153061224486 0.59533527696793 0.2844387755102041 0.6209912536443148 0.30038265306122447 0.6163265306122448 0.3080357142857143 0.5959183673469387 0.3236607142857143 0.5119533527696792 0.3172831632653061 0.5037900874635568 0.3073979591836734 0.5061224489795918 0.30197704081632654 0.5259475218658891 0.2885841836734694 0.5965014577259475 0.27774234693877553 0.5650145772594752 0.26498724489795916 0.5265306122448979 0.2582908163265306 0.5043731778425655 0.2433035714285714 0.3801749271137026 0.23883928571428567 0.3282798833819242 0.23883928571428567 0.30320699708454807 0.23246173469387754 0.2618075801749271 0.2362882653061224 0.24314868804664722
1 0.44419642857142855 0.18717201166180758 0.4575892857142857 0.21224489795918364 0.4607780612244897 0.23032069970845478 0.4693877551020408 0.2530612244897959 0.47544642857142855 0.30787172011661806 0.48979591836734687 0.42274052478134105 0.49808673469387754 0.4437317784256559 0.5175382653061223 0.4763848396501457 0.5433673469387755 0.5037900874635568 0.5650510204081632 0.5078717201166181 0.5800382653061223 0.46297376093294457 0.5975765306122448 0.3749271137026238 0.59375 0.36734693877551017 0.5822704081632653 0.36559766763848395 0.5765306122448979 0.3766763848396501 0.5513392857142857 0.48921282798833815 0.5325255102040816 0.4670553935860058 0.5111607142857142 0.439067055393586 0.5041454081632653 0.4005830903790087 0.4926658163265306 0.3113702623906705 0.48788265306122447 0.24956268221574343 0.48947704081632654 0.197667638483965 0.49968112244897955 0.16501457725947521
1 0.7044005102040816 0.11545189504373178 0.7161989795918366 0.14169096209912535 0.7232142857142857 0.17201166180758015 0.7276785714285714 0.19300291545189502 0.7410714285714286 0.3405247813411078 0.7458545918367346 0.3830903790087463 0.7579719387755102 0.4239067055393586 0.7806122448979591 0.47113702623906706 0.7955994897959183 0.4921282798833819 0.8198341836734693 0.48279883381924193 0.8619260204081632 0.39533527696793 0.8574617346938774 0.38600583090379004 0.84375 0.38950437317784253 0.8325892857142856 0.41282798833819245 0.8061224489795918 0.4693877551020408 0.7882653061224489 0.43615160349854226 0.7713647959183673 0.3941690962099125 0.7640306122448979 0.36443148688046645 0.7547831632653061 0.2594752186588921 0.7484056122448979 0.13702623906705538 0.7557397959183673 0.0967930029154519
1 0.9623724489795917 0.05014577259475218 0.9853316326530612 0.08279883381924198 0.9933035714285714 0.10379008746355685 0.9990433673469387 0.18600583090379005 0.9990433673469387 0.036151603498542274
2 0.05803571428571428 0.6221574344023323 0.06568877551020408 0.627405247813411 0.08354591836734693 0.6169096209912536 0.08354591836734693 0.6017492711370261 0.07748724489795918 0.5912536443148687 0.06313775510204081 0.6005830903790087
2 0.3016581632653061 0.5276967930029154 0.3099489795918367 0.5341107871720117 0.32397959183673464 0.521865889212828 0.32397959183673464 0.514868804664723 0.3182397959183673 0.5014577259475218 0.3042091836734694 0.5067055393586005
2 0.5749362244897959 0.3854227405247813 0.5822704081632653 0.38833819241982503 0.5959821428571428 0.3854227405247813 0.5978954081632653 0.37317784256559766 0.5943877551020408 0.36443148688046645 0.5819515306122448 0.36559766763848395
2 0.8360969387755102 0.40641399416909624 0.842155612244898 0.4151603498542274 0.8584183673469387 0.40583090379008746 0.862563775510204 0.39825072886297375 0.859375 0.3889212827988338 0.8431122448979591 0.38950437317784253
3 0.03603316326530612 0.6606413994169096 0.04687499999999999 0.6857142857142856 0.054209183673469385 0.6862973760932944 0.07302295918367346 0.673469387755102 0.0548469387755102 0.6717201166180757 0.053890306122448974 0.6524781341107871 0.054209183673469385 0.6384839650145772
3 0.2866709183673469 0.5889212827988337 0.2729591836734694 0.6011661807580174 0.2857142857142857 0.6221574344023323 0.30197704081632654 0.6174927113702623 0.2889030612244898 0.6087463556851311
3 0.5475127551020408 0.48513119533527693 0.5408163265306122 0.4857142857142857 0.5376275510204082 0.49795918367346936 0.5452806122448979 0.5037900874635568 0.5567602040816326 0.5026239067055394 0.5688775510204082 0.5026239067055394 0.550063775510204 0.4938775510204081
3 0.8016581632653061 0.46064139941690957 0.7911352040816326 0.47113702623906706 0.7904974489795917 0.48804664723032065 0.7965561224489796 0.4897959183673469 0.8061224489795918 0.48804664723032065 0.8207908163265305 0.4833819241982507 0.8067602040816325 0.48279883381924193 0.8051658163265305 0.4699708454810495
