0 0.0021802325581395483 0.18715393133997785 0.2341327519379845 0.1926910299003322 0.5260416666666667 0.19712070874861573 0.767078488372093 0.20708748615725361 0.99921875 0.22688212578681308 0.99921875 0.3133997785160576 0.6750242248062015 0.283499446290144 0.32073643410852715 0.2691029900332226 0.04457364341085272 0.26245847176079734 0.001574612403100789 0.2613510520487265
1 0.014973958333333379 0.25457875457875456 0.019230769230769277 0.29349816849816845 0.024238782051282097 0.39194139194139194 0.027994791666666713 0.46291208791208793 0.03250200320512825 0.5068681318681318 0.05128205128205132 0.5077838827838828 0.05203325320512825 0.4473443223443223 0.04251802884615389 0.43864468864468864 0.0395132211538462 0.3324175824175824 0.03976362179487184 0.2976190476190476 0.04452123397435902 0.2797619047619047 0.045272435897435945 0.25595238095238093
1 0.15044070512820515 0.2591575091575092 0.16271033653846156 0.2921245421245421 0.16396233974358979 0.3090659340659341 0.16371193910256415 0.35714285714285715 0.16271033653846156 0.4574175824175824 0.1634615384615385 0.5155677655677656 0.17222556089743593 0.521062271062271 0.18424479166666669 0.5215201465201464 0.1867487980769231 0.46016483516483514 0.18399439102564105 0.4450549450549451 0.17973758012820515 0.44047619047619047 0.1824919871794872 0.32967032967032966 0.18324318910256415 0.29853479853479853 0.1867487980769231 0.2857142857142857 0.1885016025641026 0.27106227106227104 0.1885016025641026 0.2614468864468864
1 0.28640825320512825 0.26373626373626374 0.29066506410256415 0.27426739926739924 0.292167467948718 0.28708791208791207 0.2926682692307693 0.30723443223443225 0.2946714743589744 0.3223443223443223 0.29241786858974367 0.4409340659340659 0.29492187500000006 0.48443223443223443 0.2976762820512821 0.5178571428571429 0.30043068910256415 0.5416666666666666 0.3044370993589744 0.548076923076923 0.3209635416666667 0.5503663003663003 0.3237179487179488 0.5412087912087912 0.33148036858974367 0.4949633699633699 0.3279747596153847 0.48580586080586075 0.3239683493589744 0.4826007326007326 0.3129507211538462 0.48305860805860806 0.3121995192307693 0.43864468864468864 0.3127003205128206 0.34065934065934067 0.3139523237179488 0.3141025641025641 0.31896033653846156 0.29532967032967034 0.3192107371794872 0.27884615384615385 0.32221554487179493 0.26556776556776557
1 0.46143830128205127 0.2738095238095238 0.46644631410256415 0.2806776556776557 0.46920072115384615 0.29945054945054944 0.4754607371794872 0.3223443223443223 0.47871594551282054 0.3305860805860806 0.4769631410256411 0.4001831501831502 0.4754607371794872 0.4262820512820513 0.4757111378205129 0.47115384615384615 0.47646233974358976 0.4922161172161172 0.4817207532051282 0.5347985347985348 0.4867287660256411 0.558150183150183 0.49424078525641024 0.5732600732600732 0.5057592147435898 0.5769230769230769 0.5135216346153846 0.5554029304029304 0.5212840544871795 0.5219780219780219 0.5225360576923077 0.5036630036630036 0.5155248397435898 0.49862637362637363 0.5120192307692307 0.5064102564102564 0.5045072115384615 0.5283882783882784 0.4979967948717949 0.5499084249084248 0.4927383814102564 0.527014652014652 0.4879807692307693 0.49358974358974356 0.4889823717948718 0.4331501831501831 0.49048477564102566 0.36767399267399264 0.4962439903846154 0.31776556776556775 0.4992487980769231 0.2980769230769231 0.4987479967948718 0.2765567765567766
1 0.6337139423076923 0.2815934065934066 0.6387219551282051 0.30036630036630035 0.6404747596153846 0.32051282051282054 0.6419771634615384 0.3456959706959707 0.6422275641025641 0.4107142857142857 0.6414763621794871 0.46474358974358976 0.6412259615384615 0.4981684981684982 0.6457331730769231 0.5293040293040293 0.6552483974358975 0.5686813186813187 0.663261217948718 0.592032967032967 0.6770332532051282 0.5906593406593407 0.6835436698717949 0.5755494505494505 0.6913060897435898 0.5489926739926739 0.6953125 0.5251831501831502 0.6923076923076923 0.5132783882783882 0.6842948717948718 0.5141941391941391 0.6812900641025641 0.5228937728937728 0.6697716346153846 0.5695970695970696 0.6657652243589743 0.554945054945055 0.6605068108974359 0.5325091575091575 0.6542467948717949 0.5036630036630036 0.6537459935897436 0.4835164835164835 0.6537459935897436 0.46474358974358976 0.6549979967948718 0.3649267399267399 0.6567508012820513 0.34065934065934067 0.6635116185897436 0.31868131868131866 0.6662660256410257 0.3063186813186813 0.6677684294871795 0.2875457875457875 0.6697716346153846 0.28296703296703296
1 0.8395647321428571 0.2959183673469387 0.8443080357142856 0.3051020408163265 0.8504464285714285 0.32193877551020406 0.8521205357142856 0.346938775510204 0.8543526785714285 0.3653061224489796 0.853515625 0.4081632653061224 0.8515625 0.4994897959183673 0.8523995535714285 0.5316326530612244 0.8577008928571427 0.5637755102040816 0.865234375 0.5913265306122448 0.8761160714285714 0.6173469387755102 0.8931361607142856 0.6193877551020408 0.90234375 0.6081632653061224 0.9246651785714285 0.5474489795918367 0.9204799107142856 0.5377551020408162 0.9104352678571427 0.5387755102040815 0.9034598214285714 0.551530612244898 0.8861607142857142 0.596938775510204 0.8786272321428571 0.5729591836734693 0.8685825892857142 0.5260204081632652 0.8669084821428571 0.49693877551020404 0.8705357142857142 0.3964285714285714 0.8733258928571427 0.3520408163265306 0.8766741071428571 0.3270408163265306 0.8766741071428571 0.3158163265306122 0.8803013392857142 0.2959183673469387
2 0.03049924924924925 0.45945945945945943 0.0511448948948949 0.46074646074646075 0.049033408408408405 0.44144144144144143 0.03026463963963964 0.4405834405834405
2 0.1637575075075075 0.4641784641784642 0.18909534534534533 0.4671814671814672 0.18440315315315314 0.44701844701844706 0.16798048048048048 0.4422994422994423
2 0.30874624624624625 0.5006435006435006 0.3129692192192192 0.5066495066495066 0.3293918918918919 0.5057915057915058 0.3310341591591591 0.4972114972114972 0.32821884384384387 0.4847704847704848 0.313673048048048 0.48434148434148433
2 0.5074605855855856 0.510939510939511 0.5142642642642643 0.5178035178035177 0.523414039039039 0.5182325182325183 0.5238832582582582 0.5117975117975118 0.5220063813813813 0.5019305019305019 0.5154373123123123 0.4980694980694981 0.509572072072072 0.5015015015015015
2 0.6798986486486486 0.5263835263835264 0.6852946696696697 0.5323895323895323 0.6953828828828829 0.5276705276705276 0.6951482732732732 0.5203775203775204 0.6909253003003003 0.5122265122265123 0.6834177927927928 0.5130845130845131
2 0.9037162162162161 0.5521235521235521 0.9077045795795795 0.5577005577005577 0.9241272522522521 0.5508365508365508 0.9243618618618619 0.5465465465465466 0.920138888888889 0.5375375375375375 0.9100506756756757 0.5375375375375375
3 0.031203078078078077 0.4924924924924925 0.0513795045045045 0.49377949377949376 0.05184872372372372 0.5057915057915058 0.0316722972972973 0.5083655083655083
3 0.1635228978978979 0.49678249678249675 0.18487237237237236 0.504075504075504 0.18369932432432431 0.5212355212355212 0.1635228978978979 0.5152295152295152
3 0.29842342342342343 0.5276705276705276 0.3038194444444444 0.5491205491205491 0.32141516516516516 0.5495495495495495 0.32094594594594594 0.5418275418275418 0.3045232732732733 0.5366795366795367
3 0.48681493993993996 0.5568425568425568 0.4926801801801802 0.5722865722865723 0.5069913663663663 0.5761475761475761 0.5100412912912913 0.5645645645645646 0.4961993243243243 0.5598455598455598 0.4959647147147147 0.5452595452595452
3 0.6667605105105106 0.5654225654225654 0.6597222222222222 0.5684255684255685 0.6576107357357357 0.5744315744315744 0.663475975975976 0.5903045903045903 0.6780217717717718 0.5911625911625912 0.6794294294294294 0.5817245817245817 0.6648836336336336 0.577005577005577
3 0.8827486376021799 0.5885558583106267 0.8729564032697548 0.5947839626313741 0.8697632833787466 0.6014013234721682 0.8808327656675751 0.6181393538341767 0.8940309945504088 0.6185286103542235 0.9004172343324252 0.6111327364733359 0.8870061307901909 0.6099649669131958 0.8818971389645777 0.590891397430907
