0 0.0003633720930232693 0.141749723145072 0.03367248062015505 0.13510520487264674 0.22807655038759692 0.12070874861572536 0.5042393410852714 0.09966777408637875 0.8875968992248062 0.09413067552602437 0.9978197674418604 0.09966777408637875 0.9984187324303602 0.0 1.7763568394002506e-16 0.0
1 0.03476747630331749 0.13879485443466485 0.04957790284360185 0.16993906567366282 0.059945201421800896 0.2064996614759648 0.0762366706161137 0.24170616113744078 0.08586344786729852 0.2877454299255247 0.11585456161137435 0.4495599187542315 0.12696238151658762 0.4922139471902506 0.15769401658767768 0.5890318212593094 0.18065017772511843 0.6486120514556534 0.19286877962085305 0.6635071090047393 0.21952754739336494 0.6384563303994584 0.2313758886255924 0.5829383886255924 0.22841380331753552 0.5714285714285714 0.22248963270142177 0.5727826675693974 0.20878998815165875 0.5842924847664184 0.20064425355450233 0.6046039268788085 0.19657138625592413 0.5985104942450914 0.16880183649289096 0.5220040622884226 0.1499185426540284 0.4685172647257955 0.11807612559241702 0.28842247799593773 0.10585752369668242 0.2125930941096818 0.10474674170616109 0.17061611374407584 0.09808204976303313 0.14014895057549087 0.10326569905213265 0.1306702775897089
1 0.40465787914691936 0.1076506431956669 0.4209493483412322 0.13947190250507788 0.4265032582938388 0.16926201760324983 0.4361300355450236 0.1970209884901828 0.4398326421800947 0.2234258632362898 0.447608116113744 0.36899119837508465 0.450940462085308 0.4306025727826676 0.45723489336492884 0.47325660121868657 0.46834271327014215 0.5192958700067705 0.48944757109004733 0.6018957345971564 0.5079606042654028 0.6540284360189573 0.5216602488151658 0.6750169262017603 0.5720156990521327 0.6404874746106974 0.5827532582938388 0.6289776574136764 0.5894179502369667 0.6174678402166555 0.5849748222748815 0.6086662153012864 0.5820127369668245 0.6066350710900474 0.5412840639810426 0.6350710900473934 0.535730154028436 0.6350710900473934 0.5283249407582937 0.6262694651320244 0.5231412914691942 0.6134055517941774 0.5024066943127962 0.5429925524712255 0.48500444312796204 0.4752877454299256 0.47759922985781983 0.44482058226134064 0.47500740521327006 0.3974272173324306 0.46834271327014215 0.28909952606635075 0.46501036729857814 0.17061611374407584 0.46686167061611367 0.13608666215301288 0.4661211492890994 0.12254570074475288 0.47759922985781983 0.1029113067027759
1 0.79287157960199 0.0987917555081734 0.802977300995025 0.12579957356076757 0.8134717039800995 0.15351812366737738 0.8200792910447762 0.17057569296375266 0.8255208333333334 0.19900497512437806 0.8274642412935324 0.34044065387348965 0.8313510572139304 0.4427860696517412 0.834071828358209 0.47050461975835106 0.8430115049751243 0.509594882729211 0.8636116293532338 0.5671641791044776 0.8857664800995024 0.6261549395877753 0.900147699004975 0.6496090973702913 0.9114194651741293 0.6602700781805259 0.9324082711442786 0.6517412935323382 0.9852689676616915 0.6140724946695095 0.99921875 0.5899431414356786 0.9969294154228855 0.5785358919687277 0.9899331467661691 0.5778251599147121 0.931630907960199 0.6176261549395877 0.9176383706467661 0.6140724946695095 0.9098647388059702 0.6012793176972281 0.8919853855721392 0.5614783226723524 0.8678871268656716 0.49466950959488265 0.8558379975124378 0.44420753375977245 0.8538945895522388 0.41862117981520963 0.8523398631840797 0.3603411513859275 0.8500077736318408 0.22530206112295662 0.8492304104477612 0.15707178393745558 0.8585587686567164 0.12651030561478321 0.8721626243781093 0.10092395167022031 0.8814909825870647 0.09523809523809522
2 0.1992068042813456 0.6055045871559632 0.20780772171253825 0.6186107470511141 0.2278765290519878 0.5998252512013981 0.23122133027522937 0.5849716033202271 0.2278765290519878 0.5701179554390563 0.221664755351682 0.5701179554390563 0.20637423547400613 0.5836609873307121
2 0.5774082568807339 0.6098733071210135 0.5642679663608563 0.6207951070336392 0.5614009938837922 0.6304062909567497 0.563790137614679 0.6448230668414154 0.572152140672783 0.6404543468763652 0.5838589449541285 0.6286588029707296 0.5905485474006117 0.617300131061599 0.5843367737003059 0.6046308431629532
2 0.9814124617737002 0.5840978593272171 0.972572629969419 0.601572739187418 0.9761563455657493 0.6212319790301442 0.985474006116208 0.6151157710790739 0.99921875 0.5899825251201399 0.9964640672782874 0.5744866754041066 0.9895355504587157 0.5753604193971167
3 0.1788990825688074 0.6443861948449104 0.186783256880734 0.6566186107470511 0.19275611620795113 0.6631716906946264 0.2006402905198777 0.6574923547400612 0.22070909785932727 0.6395806028833552 0.19872897553516825 0.6448230668414154 0.191322629969419 0.6373962429008301 0.19514525993883797 0.6216688510266491
3 0.5277140672782875 0.6273481869812145 0.5143348623853211 0.6408912188728703 0.5109900611620796 0.6583660987330712 0.5169629204892967 0.6684141546526868 0.5229357798165138 0.6701616426387068 0.533448012232416 0.6662297946701616 0.5312977828746178 0.6500655307994758 0.537987385321101 0.6378331148973351 0.5320145259938839 0.6312800349497597
3 0.9128440366972477 0.6081258191349934 0.8999426605504587 0.6312800349497597 0.8980313455657493 0.6461336828309305 0.9051987767584098 0.6566186107470511 0.9128440366972477 0.6588029707295762 0.921683868501529 0.654871122761031 0.9278956422018348 0.6518130187854959 0.921683868501529 0.6343381389252949 0.9252675840978594 0.616863259065094 0.9178612385321101 0.6124945391000437
