1 0.07711909871244635 0.0018393623543838137 0.07778969957081545 0.06437768240343347 0.08013680257510729 0.09748620478234211 0.08952521459227467 0.15328019619865113 0.10293723175965666 0.2041692213366033 0.11500804721030042 0.2421827099938688 0.12204935622317596 0.2507664009809933 0.14552038626609443 0.2532188841201717 0.15625 0.23727774371551197 0.18709763948497854 0.15634580012262414 0.18743293991416307 0.14592274678111586 0.18106223175965666 0.1397915389331698 0.1656384120171674 0.1367259350091968 0.15792650214592274 0.14224402207234826 0.13344957081545064 0.20968730839975475 0.10830203862660943 0.11158798283261802 0.10629023605150215 0.004291845493562232
1 0.377212982832618 0.0018393623543838137 0.3762070815450643 0.0410790925812385 0.37687768240343344 0.08828939301042305 0.3778835836909871 0.12691600245248313 0.38626609442060084 0.16615573267933784 0.40269581545064376 0.21336603310852237 0.4221432403433476 0.2575107296137339 0.43555525751072965 0.2734518700183936 0.45936158798283266 0.2691600245248314 0.47981491416309013 0.23482526057633354 0.5120037553648069 0.16615573267933784 0.5069742489270386 0.15757204169221337 0.49423283261802575 0.15695892090741875 0.48316791845493556 0.17351318209687308 0.444943669527897 0.24892703862660942 0.4184549356223176 0.1882280809319436 0.4023605150214592 0.13733905579399142 0.39934281115879827 0.07357449417535254 0.40034871244635195 0.001226241569589209
1 0.7017837982832618 0.001226241569589209 0.6887070815450643 0.14224402207234826 0.6866952789699571 0.17903126916002451 0.6887070815450643 0.20907418761496013 0.7058074034334764 0.3102391171060699 0.7138546137339056 0.3378295524218271 0.7219018240343347 0.3439607602697731 0.7450375536480687 0.3421213979153893 0.8023739270386265 0.29491109748620475 0.7983503218884119 0.2826486817903127 0.787956008583691 0.2795830778663396 0.7326314377682404 0.3249540159411404 0.7255901287553648 0.3102391171060699 0.7182135193133047 0.26241569589209074 0.7088251072961373 0.2041692213366033 0.7054721030042919 0.1729000613120785 0.7185488197424893 0.06621704475781728 0.7249195278969957 0.0006131207847946045
1 0.9787419527896996 0.001226241569589209 0.9673417381974249 0.17964438994481913 0.9670064377682402 0.21520539546290618 0.9700241416309012 0.2452483139178418 0.9844420600858369 0.29307173513182094 0.9978540772532188 0.3359901900674433 0.9981893776824033 0.27835683629675045 0.9877950643776824 0.2323727774371551 0.988130364806867 0.17473942366646228 0.9951716738197425 0.0698957694665849 0.9988599785407726 0.001226241569589209
2 0.15390289699570817 0.1600245248313918 0.16228540772532188 0.16983445738810546 0.1834093347639485 0.16799509503372165 0.18810354077253216 0.15511955855303494 0.18810354077253216 0.14653586756591047 0.17972103004291845 0.13733905579399142 0.1616148068669528 0.13917841814837523
2 0.4814914163090129 0.1765787860208461 0.48920332618025747 0.1900674432863274 0.505968347639485 0.17903126916002451 0.5109978540772533 0.16554261189454322 0.505968347639485 0.15634580012262414 0.4932269313304721 0.15757204169221337
2 0.7775616952789699 0.29000613120784796 0.7822559012875536 0.30104230533415083 0.8017033261802575 0.2979767014101778 0.799020922746781 0.28019619865113427 0.7829265021459227 0.28080931943592885
3 0.12741416309012876 0.21520539546290618 0.10629023605150215 0.22869405272838747 0.11869635193133048 0.2452483139178418 0.13579667381974247 0.25199264255058246 0.14987929184549356 0.25137952176578787 0.15054989270386265 0.24156958920907418 0.13344957081545064 0.2323727774371551
3 0.4405847639484978 0.24279583077866337 0.4305257510729613 0.24770079705702022 0.4258315450643777 0.2618025751072961 0.43555525751072965 0.272838749233599 0.44662017167381973 0.2685469037400368 0.46204399141630903 0.269773145309626 0.44762607296137336 0.2581238503985285 0.44293186695278963 0.24954015941140406
3 0.7265960300429184 0.31146535867565905 0.7148605150214592 0.32127529123237275 0.7125134120171673 0.3341508277130595 0.7178782188841202 0.3427345187001839 0.7292784334763949 0.3439607602697731 0.736655042918455 0.3439607602697731 0.7322961373390557 0.32311465358675656 0.7259254291845493 0.30962599632127524 0.727601931330472 0.31453096259963215
