0 0.0021802325581395483 0.0697674418604651 0.3492005813953488 0.09080841638981173 0.6507994186046512 0.11295681063122924 0.8863856589147285 0.13732004429678848 0.9978197674418604 0.1539313399778516 0.9990310077519379 0.283499446290144 0.7271075581395349 0.256921373200443 0.41036821705426363 0.24363233665559245 0.050629844961240324 0.23588039867109634 0.0 0.23370203895511696
1 0.00033530042918454936 0.2440220723482526 0.008717811158798282 0.2618025751072961 0.011064914163090129 0.2998160637645616 0.018106223175965663 0.33047210300429186 0.028165236051502146 0.5039852851011649 0.03319474248927039 0.5616186388718577 0.04392435622317596 0.6026977314530962 0.07074839055793991 0.6646229307173513 0.09958422746781116 0.7191906805640711 0.11031384120171675 0.7247087676272226 0.14183208154506438 0.7161250766400981 0.15457349785407726 0.691600245248314 0.19313304721030042 0.5898221949724095 0.18676233905579398 0.5769466584917228 0.16329130901287553 0.5818516247700797 0.15591469957081544 0.5996321275291232 0.12271995708154507 0.6854690374003678 0.11634924892703861 0.680564071122011 0.0734307939914163 0.5800122624156959 0.06706008583690987 0.545677498467198 0.054989270386266095 0.34518700183936235 0.05364806866952789 0.26241569589209074 0.0516362660944206 0.22930717351318208 0.05767167381974249 0.21459227467811157
1 0.339994635193133 0.22869405272838747 0.363800965665236 0.2795830778663396 0.36514216738197425 0.3237277743715512 0.3674892703862661 0.47946045370938073 0.36950107296137336 0.5450643776824033 0.3778835836909871 0.592274678111588 0.39766630901287553 0.6443899448191294 0.42247854077253216 0.6983445738810545 0.43991416309012876 0.7191906805640711 0.4747854077253219 0.7026364193746167 0.5270922746781116 0.6002452483139178 0.5183744635193133 0.5861434702636419 0.505968347639485 0.5941140404659718 0.49356223175965663 0.6131207847946045 0.4533261802575107 0.6842427958307786 0.44326716738197425 0.6738197424892703 0.40873122317596566 0.5910484365419987 0.4006840128755365 0.5640711220110362 0.39766630901287553 0.5315757204169221 0.3959898068669528 0.3635806253832005 0.3959898068669528 0.2857142857142857 0.40470761802575106 0.2440220723482526 0.4090665236051502 0.22256284488044145
1 0.6575241416309012 0.23850398528510117 0.6840128755364806 0.28632740649908034 0.6890423819742489 0.32311465358675656 0.685354077253219 0.47946045370938073 0.6850187768240343 0.5236051502145922 0.6903835836909871 0.5610055180870631 0.712848712446352 0.6229307173513181 0.7433610515021459 0.6781115879828326 0.757443669527897 0.6848559166155732 0.7852736051502146 0.6744328632740649 0.8479747854077253 0.5775597792765175 0.8405981759656653 0.5677498467198038 0.8285273605150214 0.5652973635806254 0.7638143776824033 0.660331085223789 0.7547612660944206 0.6566523605150214 0.7379962446351931 0.6272225628448804 0.7148605150214592 0.5726548129981607 0.7064780042918455 0.5413856529736357 0.70681330472103 0.47455548743102394 0.7118428111587983 0.29307173513182094 0.7232430257510729 0.2593500919681177 0.7319608369098712 0.24463519313304719
1 0.9579533261802575 0.2673206621704476 0.9737124463519313 0.3083997547516861 0.9817596566523605 0.3408951563458001 0.9780713519313304 0.43408951563458004 0.9740477467811159 0.5291232372777437 0.9763948497854077 0.562844880441447 0.9867891630901287 0.5977927651747394 0.998524678111588 0.6272225628448804 0.9991952789699571 0.5793991416309013 0.9931598712446352 0.5567136725935009 0.9918186695278969 0.49969343960760265 0.9961775751072961 0.4132434089515635 0.9988599785407726 0.3439607602697731 0.9991952789699571 0.266707541385653
2 0.15323229613733905 0.6051502145922746 0.16630901287553648 0.615573267933783 0.18843884120171672 0.6039239730226854 0.1938036480686695 0.5904353157572042 0.1860917381974249 0.575107296137339 0.1636266094420601 0.5818516247700797
2 0.49456813304721026 0.6137339055793991 0.5026153433476395 0.6259963212752913 0.5183744635193133 0.6174126302881667 0.5264216738197425 0.5990190067443286 0.5203862660944206 0.5879828326180258 0.5042918454935622 0.5928877988963825
2 0.8218213519313304 0.5793991416309013 0.8275214592274678 0.5892090741876149 0.8375804721030043 0.5879828326180258 0.8473041845493562 0.5775597792765175 0.8405981759656653 0.5665236051502146 0.8278567596566523 0.5659104843654199
3 0.11701984978540772 0.6817903126916002 0.09958422746781116 0.6922133660331085 0.09421942060085836 0.7057020232985898 0.10159603004291846 0.7179644389944819 0.1106491416309013 0.7240956468424279 0.12204935622317596 0.7191906805640711 0.14149678111587982 0.7093807480073575 0.1284200643776824 0.7020232985898222 0.12104345493562232 0.6866952789699571
3 0.44460836909871243 0.6762722256284488 0.42650214592274677 0.6848559166155732 0.42046673819742486 0.6971183323114654 0.4335434549356223 0.7118332311465358 0.4459495708154506 0.7142857142857143 0.46606759656652363 0.7057020232985898 0.45164967811158796 0.6903740036787247
3 0.7550965665236051 0.6548129981606376 0.7450375536480687 0.6597179644389946 0.7410139484978541 0.6707541385652973 0.7524141630901287 0.6811771919068056 0.7661614806866953 0.680564071122011 0.7789028969957081 0.6750459840588596 0.7601260729613734 0.6658491722869405
