0 0.0003633720930232693 0.042081949058693245 0.4479166666666667 0.132890365448505 0.8106831395348836 0.2115171650055371 0.998425387596899 0.26245847176079734 0.9990310077519379 0.3532668881506091 0.7610222868217054 0.2990033222591362 0.42914244186046513 0.23366555924695462 0.18750000000000003 0.19601328903654486 0.0 0.1618378182051255 0.0 0.03654485049833887
1 0.017320736434108537 0.16611295681063123 0.041545542635658926 0.20376522702104097 0.03791182170542637 0.23034330011074197 0.04215116279069769 0.2713178294573643 0.04760174418604653 0.4717607973421927 0.07303779069767444 0.5459579180509413 0.10271317829457367 0.6124031007751938 0.13783914728682173 0.6035437430786268 0.16327519379844962 0.5548172757475083 0.18447189922480622 0.5027685492801772 0.17599321705426357 0.48947951273532664 0.1578246124031008 0.4972314507198228 0.12027616279069771 0.5791805094130675 0.08030523255813955 0.4806201550387597 0.07848837209302326 0.43632336655592474 0.07364341085271318 0.18493909191583613 0.07969961240310078 0.16943521594684385
1 0.31649709302325585 0.22148394241417496 0.33708817829457366 0.26799557032115173 0.33587693798449614 0.31118493909191586 0.3322432170542636 0.5094130675526024 0.3407218992248062 0.5426356589147286 0.37281976744186046 0.6356589147286822 0.3873546511627907 0.646733111849391 0.41581879844961245 0.6334440753045405 0.44488856589147285 0.5813953488372093 0.46305717054263573 0.5592469545957918 0.45639534883720934 0.5448504983388703 0.44246608527131787 0.5492801771871539 0.3964389534883721 0.6190476190476191 0.3607073643410853 0.5238095238095238 0.35707364341085274 0.48283499446290146 0.36312984496124034 0.2768549280177187 0.3758478682170543 0.22591362126245848
1 0.588964332460733 0.2647718773373223 0.6040984947643978 0.299925205684368 0.6102339659685864 0.3343305908750934 0.6020533376963351 0.4891548242333582 0.6008262434554974 0.5243081525804039 0.611461060209424 0.5729244577412116 0.63313972513089 0.6320119670905011 0.6462287303664921 0.6514584891548242 0.6605448298429318 0.6551982049364248 0.6818144633507852 0.6477187733732236 0.7349885471204188 0.5781600598354524 0.7308982329842931 0.5654450261780104 0.7190363219895287 0.5646970830216903 0.6854957460732984 0.6095736724008975 0.6605448298429318 0.6364996260284218 0.6445926047120418 0.6103216155572175 0.6261861910994764 0.5587135377711293 0.6200507198952879 0.531787584143605 0.6282313481675392 0.3769633507853403 0.6339577879581151 0.31413612565445026 0.6515461387434555 0.275243081525804
1 0.8474721858638743 0.3201196709050112 0.8609702225130891 0.35676888556469705 0.8671056937172775 0.3926701570680628 0.8609702225130891 0.4532535527299925 0.8527895942408377 0.5639491398653702 0.8560618455497382 0.5953627524308153 0.8789676047120418 0.6574420344053852 0.8932837041884817 0.6940912490650709 0.9088268979057592 0.6993268511593118 0.9309145942408377 0.6896035901271502 0.9734538612565444 0.6275243081525804 0.9693635471204187 0.6170531039640986 0.9599558246073299 0.6170531039640986 0.9104630235602095 0.6828721017202692 0.894919829842932 0.6641735228122662 0.8736501963350785 0.593866866118175 0.8683327879581151 0.5744203440538519 0.871196007853403 0.5355272999252056 0.8846940445026178 0.3792071802543006 0.9035094895287958 0.3320867614061331
2 0.14925556282722513 0.5130890052356021 0.15948134816753928 0.5258040388930442 0.1770696989528796 0.5198204936424831 0.18238710732984295 0.5048616305160808 0.17666066753926704 0.493642483171279 0.15784522251308902 0.4988780852655198
2 0.4331233638743456 0.5617053103964098 0.44130399214659677 0.5736724008975317 0.458074280104712 0.569184741959611 0.4613465314136126 0.556469708302169 0.45602912303664916 0.5445026178010471 0.4425310863874345 0.5497382198952879
2 0.7124918193717277 0.575168287210172 0.7182182591623036 0.5848915482423335 0.7288530759162304 0.5841436050860135 0.7333524214659686 0.5744203440538519 0.7288530759162304 0.5632011967090501 0.7194453534031413 0.5654450261780104
2 0.9530022905759162 0.6245325355272998 0.9591377617801047 0.6320119670905011 0.9656822643979057 0.637995512341062 0.9763170811518324 0.6260284218399401 0.9705906413612565 0.6140613313388182 0.9587287303664921 0.6140613313388182
3 0.11612401832460735 0.5714285714285714 0.0932182591623037 0.5871353777112939 0.10426210732984295 0.6095736724008975 0.13862074607329844 0.599850411368736 0.11653304973821992 0.5886312640239342
3 0.3918111910994765 0.6110695587135377 0.3774950916230367 0.6125654450261779 0.3717686518324608 0.62528047868362 0.385675719895288 0.6454749439042632 0.41471695026178007 0.6357516828721017 0.39753763089005234 0.619296933433059
3 0.651955170157068 0.6245325355272998 0.6421384162303665 0.6305160807778608 0.6380481020942408 0.6409872849663425 0.6511371073298429 0.6551982049364248 0.6654532068062827 0.6544502617801047 0.6801783376963351 0.6477187733732236 0.6617719240837696 0.6394913986537023
3 0.9018733638743456 0.6709050112191473 0.8945107984293192 0.6746447270007478 0.8883753272251308 0.6843679880329094 0.9006462696335078 0.6970830216903515 0.9190526832460731 0.6963350785340313 0.9112810863874344 0.6828721017202692
