0 0.5405765503875969 0.00221483942414175 0.8131056201550386 0.11295681063122924 0.998425387596899 0.19158361018826137 0.9978197674418604 0.3543743078626799 0.9239341085271316 0.32004429678848284 0.5678294573643411 0.17386489479512734 0.35222868217054265 0.07973421926910298 0.18265503875968994 0.015503875968992248 0.154796511627907 0.0
1 0.2227626459143969 0.011117287381878822 0.22306663424124515 0.06114508060033352 0.21485894941634243 0.09171762090050027 0.2142509727626459 0.13841022790439134 0.191147859922179 0.30294608115619787 0.183852140077821 0.37409672040022235 0.17807636186770429 0.47248471372984996 0.17929231517509728 0.5119510839355198 0.1875 0.5219566425792107 0.21394698443579765 0.5314063368538078 0.22428258754863814 0.5208449138410228 0.25224951361867703 0.415786548082268 0.25224951361867703 0.4018899388549194 0.2482976653696498 0.39077265147304063 0.22732247081712065 0.38132295719844356 0.22793044747081712 0.36631461923290726 0.25954523346303504 0.14508060033351863 0.26836089494163423 0.10172317954419122 0.2774805447470817 0.05558643690939411 0.27687256809338523 0.03724291272929406 0.2540734435797666 0.017787659811006114
1 0.5042558365758755 0.13173985547526404 0.502431906614786 0.17176209005002782 0.49452821011673154 0.19566425792106726 0.49179231517509725 0.23513062812673707 0.4875364785992217 0.26959421901056146 0.4568336575875486 0.47804335742078935 0.4507538910505836 0.5347415230683713 0.4489299610894942 0.6281267370761534 0.45196984435797666 0.6870483602001113 0.45622568093385213 0.6970539188438022 0.49179231517509725 0.7103946637020567 0.5039518482490272 0.7031684269038355 0.5443822957198443 0.60366870483602 0.5446862840466926 0.5919955530850473 0.5383025291828794 0.5842134519177321 0.5069917315175096 0.5708727070594776 0.4984800583657587 0.5808782657031685 0.49452821011673154 0.5653140633685381 0.49969601167315175 0.4936075597554197 0.5158073929961089 0.39799888827126184 0.5434703307392996 0.22234574763757645 0.5483341439688716 0.1839911061700945 0.5525899805447471 0.15508615897720957 0.5507660505836576 0.14674819344080045
1 0.8462427042801556 0.29016120066703727 0.8544503891050583 0.3123957754307949 0.8577942607003891 0.33852140077821014 0.8559703307392995 0.37798777098388 0.8532344357976653 0.4113396331295164 0.8200997081712063 0.5814341300722624 0.8073321984435797 0.6559199555308505 0.8012524319066149 0.6926070038910506 0.8018604085603112 0.73763201778766 0.8100680933852139 0.8621456364647027 0.8155398832684824 0.8849360755975543 0.8243555447470816 0.8993885491939968 0.8635700389105059 0.9132851584213453 0.8875851167315176 0.8921623123957755 0.9343993190661479 0.8326848249027238 0.9502067120622568 0.8121178432462479 0.9471668287937745 0.8032240133407449 0.9413910505836576 0.7926625903279599 0.9185919260700389 0.7787659811006115 0.9109922178988328 0.7770983879933298 0.8559703307392995 0.8504724847137299 0.8501945525291829 0.8515842134519177 0.846546692607004 0.8237909949972207 0.8419868677042801 0.7437465258476932 0.8456347276264591 0.698721511951084 0.8617461089494164 0.6114508060033352 0.8957928015564203 0.43357420789327406 0.9128161478599222 0.3557531962201223 0.9149440661478598 0.3390772651473041 0.9283195525291829 0.31906614785992216
2 0.22458657587548642 0.38299055030572543 0.2121230544747082 0.3807670928293497 0.20269941634241245 0.39355197331851033 0.19844357976653698 0.415230683713174 0.2096911478599222 0.4219010561423013 0.2452577821011673 0.4385769872151195 0.25346546692607 0.4168982768204558 0.2531614785992218 0.3991106170094497 0.2476896887159533 0.3929961089494164
2 0.49422422178988323 0.5803224013340745 0.48449659533073924 0.6014452473596442 0.4908803501945525 0.6197887715397443 0.5328307392996109 0.6370205669816565 0.5446862840466926 0.6031128404669261 0.5446862840466926 0.5936631461923291 0.5389105058365758 0.5842134519177321 0.5063837548638132 0.5692051139521956
2 0.8957928015564203 0.7993329627570873 0.8991366731517509 0.8254585881045026 0.9319674124513618 0.8382434685936632 0.9502067120622568 0.8132295719844358 0.946862840466926 0.8015564202334632 0.9413910505836576 0.7898832684824904 0.912512159533074 0.7765425236242358
3 0.17898832684824903 0.4647026125625348 0.17898832684824903 0.48082267926625905 0.18050826848249027 0.5091717620900501 0.18294017509727628 0.5152862701500834 0.21607490272373542 0.5314063368538078 0.22549854085603113 0.5214007782101168 0.22884241245136186 0.5052807115063924 0.1917558365758755 0.49082823790995 0.1875 0.4708171206225681 0.192363813229572 0.45025013896609234
3 0.45044990272373536 0.6236798221234019 0.4510578793774319 0.650917176209005 0.45288180933852135 0.6809338521400778 0.45531371595330733 0.6948304613674263 0.47598492217898836 0.7031684269038355 0.4924002918287938 0.7109505280711507 0.5045598249027237 0.7026125625347416 0.5082076848249028 0.6926070038910506 0.47416099221789876 0.6787103946637021 0.46595330739299606 0.6548082267926627 0.47841682879377434 0.6253474152306838
3 0.8468506809338521 0.8449138410227905 0.8219236381322957 0.8526959421901056 0.8131079766536965 0.8704836020011119 0.8197957198443581 0.8910505836575875 0.8264834630350194 0.8982768204558088 0.8419868677042801 0.9049471928849362 0.8632660505836576 0.9132851584213453 0.873601653696498 0.9043913285158423 0.8477626459143968 0.8882712618121179 0.846546692607004 0.8704836020011119 0.8523224708171206 0.8538076709282936
