0 0.000968992248062029 0.13510520487264674 0.18507751937984498 0.08527131782945736 0.4182412790697675 0.024363233665559245 0.5184582490731378 0.0 0.99921875 0.0011036797525956661 0.99921875 0.026578073089700994 0.8427810077519379 0.05758582502768549 0.560562015503876 0.12403100775193798 0.25169573643410853 0.21373200442967885 0.0003633720930232693 0.29014396456256925
1 0.0003332345971563476 0.7433987813134733 0.009960011848341183 0.7549085985104944 0.021808353080568672 0.7474610697359513 0.061055983412322226 0.6824644549763034 0.0640180687203791 0.6790792146242384 0.0721638033175355 0.6838185511171294 0.06698015402843596 0.6960054163845634 0.054761552132701376 0.7217332430602573 0.01773548578199047 0.7826675693974273 0.004776362559241656 0.7955314827352743 6.938893903907229e-19 0.7948596427269412
1 0.18546356635071087 0.23561272850372375 0.20064425355450233 0.2559241706161138 0.20878998815165875 0.2857142857142857 0.21767624407582936 0.3188896411645227 0.2306353672985782 0.4129993229519296 0.24544579383886256 0.5111712931618145 0.25433204976303314 0.5423155044008124 0.26618039099526064 0.5707515233581585 0.315054798578199 0.6452268111035884 0.328384182464455 0.6560595802301964 0.34023252369668244 0.6560595802301964 0.35208086492890994 0.6438727149627624 0.38577458530805686 0.5741367637102235 0.39984449052132703 0.5389302640487476 0.396512144549763 0.5301286391333785 0.38947719194312796 0.5308056872037915 0.3498593009478673 0.6134055517941774 0.3406027843601896 0.6134055517941774 0.3294949644549763 0.6039268788083955 0.2850636848341232 0.5301286391333785 0.27432612559241704 0.5077860528097495 0.26766143364928907 0.4766418415707515 0.24063240521327015 0.26066350710900477 0.24359449052132698 0.24238320920785375 0.24618631516587675 0.2180094786729858 0.25285100710900477 0.20920785375761683
1 0.49722304502369663 0.14421123899796887 0.5138847748815165 0.17535545023696683 0.5205494668246444 0.19363574813811782 0.5231412914691942 0.23899796885578878 0.525362855450237 0.2857142857142857 0.5283249407582937 0.35545023696682465 0.5283249407582937 0.3852403520649966 0.5320275473933649 0.42315504400812465 0.5386922393364928 0.44752877454299256 0.5572052725118483 0.4901828029790115 0.5860856042654028 0.5423155044008124 0.5990447274881516 0.5572105619498985 0.613855154028436 0.5599187542315505 0.6323681872037914 0.5368991198375085 0.6656916469194313 0.4935680433310765 0.6723563388625592 0.48138117806364256 0.6797615521327014 0.4617467840216656 0.6767994668246445 0.45429925524712256 0.6690239928909952 0.4488828706838186 0.6245927132701421 0.5132024373730535 0.6149659360189573 0.5199729180771835 0.6049688981042654 0.5111712931618145 0.5938610781990521 0.49492213947190256 0.5634997037914691 0.43195666892349366 0.5564647511848341 0.41029113067027767 0.5516513625592416 0.3886255924170617 0.5479487559241706 0.27420446851726477 0.5446164099526066 0.19160460392687884 0.5523918838862559 0.17264725795531483 0.5535026658767772 0.15368991198375084 0.5572052725118483 0.13270142180094788 0.5623889218009478 0.12389979688557888
1 0.7797319312796208 0.07515233581584294 0.7919505331753555 0.10020311442112391 0.7997260071090048 0.12593094109681788 0.7993557464454976 0.14962762356127285 0.797134182464455 0.23832092078537576 0.7960234004739336 0.3039945836154367 0.7978747037914692 0.3331076506431957 0.8119446090047393 0.3784698713608667 0.8308279028436021 0.41503046716316855 0.8493409360189574 0.44752877454299256 0.8663729265402844 0.4576844955991876 0.8878480450236967 0.4346648612051456 0.9230228080568722 0.3933649289099526 0.9337603672985783 0.3784698713608667 0.9378332345971565 0.3703452945159107 0.9389440165876778 0.3561272850372377 0.9345008886255926 0.3500338524035207 0.925984893364929 0.35206499661475965 0.8730376184834124 0.41570751523358157 0.8615595379146921 0.41909275558564657 0.8500814573459717 0.4082599864590386 0.8345305094786731 0.3730534867975626 0.8223119075829384 0.34732566012186866 0.8163877369668248 0.3283683141503047 0.8130553909952607 0.3100880162491537 0.8123148696682465 0.25118483412322273 0.8160174763033176 0.11780636425186188 0.824533471563981 0.09207853757616791 0.8349007701421801 0.07312119160460392 0.8437870260663507 0.05619498984427894
2 0.04032138625592412 0.7149627623561273 0.05105894549763028 0.7285037237643873 0.05883441943127957 0.7136086662153014 0.07290432464454971 0.6858496953283684 0.06253702606635067 0.6777251184834123 0.04957790284360185 0.6980365605958023
2 0.37429650473933646 0.5660121868652674 0.3805909360189573 0.5863236289776574 0.3872556279620853 0.5707515233581585 0.39984449052132703 0.5423155044008124 0.396512144549763 0.5253893026404876 0.38799614928909953 0.5287745429925524
2 0.6623593009478672 0.4603926878808396 0.6519920023696681 0.4854434664861205 0.6568053909952607 0.5057549085985106 0.6697645142180094 0.4888287068381855 0.6805020734597156 0.45971563981042657 0.6723563388625592 0.4488828706838186
2 0.9193202014218009 0.3595125253893026 0.915987855450237 0.38253215978334465 0.9219120260663507 0.3987813134732566 0.9367224526066351 0.37779282329045366 0.9400547985781991 0.35545023696682465 0.9285767180094787 0.34732566012186866
3 0.009219490521326965 0.7522004062288423 0.0014440165876776745 0.7657413676371022 0.0007034952606634566 0.7975626269465133 0.007738447867298529 0.7975626269465133 0.01773548578199047 0.7833446174678402 0.01440313981042649 0.7576167907921463
3 0.3372704383886256 0.6093432633716994 0.32208975118483407 0.6350710900473934 0.32023844786729855 0.6513202437373053 0.328384182464455 0.6587677725118484 0.3372704383886256 0.6547054840893703 0.34726747630331756 0.6465809072444144 0.342083827014218 0.6262694651320244 0.3428243483412322 0.6154366960054164
3 0.6064499407582937 0.5159106296547055 0.5953421208530806 0.5382532159783345 0.5949718601895734 0.5538253215978335 0.6042283767772512 0.5605958023019635 0.6168172393364928 0.5551794177386594 0.6149659360189573 0.5389302640487476 0.6120038507109005 0.5199729180771835
3 0.8600784952606636 0.4163845633039946 0.8508219786729858 0.4333107650643196 0.8500814573459717 0.4482058226134056 0.8585974526066351 0.4515910629654706 0.8700755331753556 0.4522681110358836 0.8689647511848342 0.4346648612051456 0.8682242298578199 0.4204468517264726
