0 0.0003633720930232693 0.1539313399778516 0.6841085271317829 0.23145071982281284 0.7919089147286822 0.24916943521594684 0.8355135658914727 0.2812846068660022 0.8609496124031008 0.3433001107419712 0.8754844961240309 0.41971207087486156 0.8118943798449612 0.4130675526024364 0.799781976744186 0.3743078626799557 0.7761627906976745 0.34662236987818384 0.6544331395348837 0.3322259136212624 0.000968992248062029 0.2779623477297896
1 0.029818390052356054 0.28047868362004486 0.04454352094240841 0.3133881824981301 0.05272414921465972 0.3552729992520568 0.05476930628272255 0.4218399401645475 0.05681446335078538 0.5459985041136873 0.06090477748691103 0.5931189229618549 0.07358475130890056 0.6372475691847419 0.10426210732984295 0.7045624532535527 0.12021433246073301 0.7299925205684368 0.14475621727748694 0.7225130890052356 0.15498200261780107 0.7180254300673149 0.20120255235602097 0.6215407629020194 0.1958851439790576 0.6110695587135377 0.17625163612565448 0.6148092744951383 0.16684391361256545 0.6290201944652206 0.1378026832460733 0.6925953627524308 0.13125818062827227 0.6918474195961106 0.11162467277486914 0.6492146596858638 0.09362729057591626 0.6035901271503364 0.08708278795811522 0.5572176514584891 0.08585569371727753 0.3784592370979805 0.08421956806282727 0.3171278982797307 0.09240019633507857 0.281226626776365
1 0.31982166230366493 0.306656694091249 0.3496809554973822 0.34181002243829467 0.35172611256544506 0.3881824981301421 0.35704352094240843 0.5609573672400897 0.36031577225130895 0.5901271503365744 0.37258671465968585 0.62528047868362 0.39344731675392675 0.6619296933433059 0.42207951570680624 0.7023186237845923 0.4396678664921466 0.6963350785340313 0.45480202879581155 0.6768885564697082 0.4969322643979058 0.5923709798055348 0.49284195026178007 0.5789080029917726 0.479752945026178 0.5789080029917726 0.4707542539267015 0.593866866118175 0.44498527486910994 0.6507105459985041 0.4331233638743456 0.6738967838444279 0.4196253272251309 0.6589379207180254 0.39671956806282727 0.6207928197456993 0.3832215314136126 0.5863874345549738 0.3779041230366492 0.550486163051608 0.3750409031413613 0.35676888556469705 0.3754499345549739 0.31937172774869105 0.3803583115183246 0.3029169783096484
1 0.5840559554973821 0.3231114435302917 0.6151423429319371 0.3769633507853403 0.6130971858638743 0.41436050860134627 0.6016443062827225 0.48765893792071796 0.5930546465968586 0.5430067314884068 0.5906004581151831 0.5856394913986537 0.6008262434554974 0.6320119670905011 0.6180055628272251 0.6948391922213911 0.627413285340314 0.7165295437546746 0.6421384162303665 0.7210172026925953 0.6654532068062827 0.7045624532535527 0.7108556937172774 0.6641735228122662 0.7120827879581151 0.6499626028421839 0.7034931282722512 0.6469708302169035 0.6417293848167539 0.6985789080029917 0.6302765052356021 0.6753926701570679 0.6159604057591623 0.6163051608077786 0.6085978403141361 0.581151832460733 0.6151423429319371 0.5265519820493642 0.63313972513089 0.3994016454749439 0.6323216623036648 0.35751682872101714 0.6589087041884817 0.32984293193717273
2 0.16747695593525186 0.6341212744090442 0.1736595098920864 0.6428571428571428 0.19276922212230224 0.6379753340184994 0.20218356564748205 0.6210174717368961 0.19557947392086336 0.6117677286742035 0.17646976169064754 0.6153648509763616
2 0.47281081384892093 0.5922404933196299 0.4794149055755397 0.6040596094552929 0.49276360161870514 0.6014902363823226 0.49683846672661874 0.592754367934224 0.4955738534172663 0.5827338129496402 0.490093862410072 0.5788797533401849 0.4781502922661871 0.5788797533401849
2 0.6980524955035972 0.6544193216855088 0.6993171088129497 0.6708633093525179 0.7026894109712231 0.671891058581706 0.7126658048561152 0.6636690647482014 0.7132278552158274 0.6539054470709147 0.7071858138489209 0.6482528263103802 0.7022678732014389 0.6490236382322713
3 0.13038163219424467 0.6932168550873586 0.11366063399280583 0.7027235354573483 0.10902371852517993 0.7155704008221994 0.1177354991007195 0.7271325796505652 0.126306767086331 0.7284172661870503 0.1518800584532375 0.7199383350462486 0.15469031025179864 0.7158273381294963 0.1375477742805756 0.7165981500513874 0.13515906025179864 0.6991264131551901
3 0.42573909622302164 0.6698355601233298 0.4137955260791368 0.6790853031860226 0.4115473246402878 0.6898766700924973 0.41801090377697847 0.697841726618705 0.42742524730215836 0.7009249743062692 0.43979035521582743 0.6957862281603288 0.4448488084532375 0.6927029804727646 0.4381042041366907 0.6901336073997943 0.4320621627697842 0.6785714285714285
3 0.6369295188848921 0.6916752312435764 0.6314495278776979 0.6960431654676259 0.6245644109712231 0.7094039054470709 0.6306064523381296 0.7183967112024665 0.6386156699640289 0.7199383350462486 0.6449387365107915 0.7194244604316546 0.6502782149280576 0.7171120246659815 0.6439551483812951 0.698612538540596 0.639037207733813 0.6970709146968139
