0 0.000968992248062029 0.2558139534883721 0.16388081395348839 0.256921373200443 0.4115794573643411 0.2602436323366556 0.6847141472868217 0.2757475083056478 0.8530765503875968 0.28460686600221485 0.9978197674418604 0.2967884828349945 0.998425387596899 0.4617940199335548 0.6441375968992248 0.42857142857142855 0.2716812015503876 0.41971207087486156 0.0021802325581395483 0.4130675526024364
1 0.010658914728682184 0.416389811738649 0.01913759689922482 0.4374307862679956 0.027616279069767453 0.4684385382059801 0.04275678294573644 0.5105204872646733 0.055474806201550396 0.6068660022148394 0.06637596899224807 0.6932447397563677 0.08030523255813955 0.7630121816168327 0.11058624031007754 0.8626799557032114 0.1293604651162791 0.9180509413067552 0.1445009689922481 0.9213732004429678 0.17841569767441862 0.9036544850498339 0.19052810077519383 0.8870431893687706 0.18507751937984498 0.8737541528239202 0.17175387596899228 0.8870431893687706 0.154796511627907 0.8892580287929124 0.13602228682170545 0.84828349944629 0.10574127906976746 0.7441860465116278 0.09423449612403102 0.6965669988925802 0.0748546511627907 0.5326688815060908 0.06940406976744187 0.4784053156146179 0.06879844961240311 0.45182724252491696 0.06698158914728683 0.42967884828349945 0.06637596899224807 0.4119601328903654
1 0.3628184241706161 0.4245091401489506 0.37762885071090047 0.46106973595125256 0.39206901658767773 0.49492213947190256 0.40021475118483407 0.5538253215978335 0.41650622037914686 0.7359512525389303 0.43242742890995256 0.7874069058903183 0.4564943720379146 0.8530805687203792 0.481672097156398 0.9092755585646581 0.4920393957345971 0.9194312796208531 0.5068498222748815 0.9160460392687881 0.5460974526066351 0.8930264048747462 0.556094490521327 0.8767772511848343 0.5660915284360188 0.8625592417061613 0.5583160545023695 0.8463100880162493 0.5109226895734597 0.8754231550440082 0.49648252369668244 0.8672985781990522 0.4757479265402843 0.8151658767772512 0.4564943720379146 0.7616790792146243 0.44168394549763035 0.7149627623561273 0.4302058649289099 0.5910629654705485 0.42280065165876773 0.4955991875423155 0.420579087677725 0.44482058226134064 0.4316869075829383 0.42383209207853756
1 0.7649215047393365 0.44211238997968855 0.7782508886255923 0.48273527420446855 0.7886181872037914 0.5206499661475965 0.7919505331753555 0.5687203791469194 0.7930613151658767 0.6675693974272173 0.7945423578199052 0.7535545023696684 0.800466528436019 0.8104265402843602 0.8286063388625593 0.9099526066350712 0.847489632701422 0.956668923493568 0.8674837085308058 0.967501692620176 0.936352191943128 0.9031821259309412 0.9433871445497631 0.8855788761002031 0.9389440165876778 0.8767772511848343 0.878591528436019 0.929587000677048 0.8682242298578199 0.9302640487474612 0.855265106635071 0.9160460392687881 0.8356412914691944 0.8578199052132702 0.8123148696682465 0.7758970886932973 0.8075014810426542 0.7176709546377793 0.8063906990521328 0.5524712254570076 0.8104635663507109 0.48138117806364256 0.8178687796208532 0.46445497630331756 0.8363818127962086 0.44752877454299256
2 0.16583975118483407 0.8896411645226813 0.15991558056872032 0.8930264048747462 0.16435870853080564 0.9113067027758971 0.17731783175355448 0.9038591740013541 0.18953643364928904 0.8889641164522681 0.18583382701421797 0.8720379146919433 0.17139366113744073 0.8896411645226813
2 0.5457271919431279 0.8578199052132702 0.5335085900473933 0.8781313473256601 0.5383219786729858 0.8964116452268112 0.5483190165876777 0.8916723087339202 0.5672023104265402 0.8625592417061613 0.5594268364928909 0.8456330399458362
2 0.9278361966824645 0.8876100203114421 0.9185796800947867 0.9045362220717672 0.9233930687203792 0.9153689911983752 0.9367224526066351 0.9018280297901151 0.9452384478672986 0.8842247799593771 0.9378332345971565 0.8733920108327691
3 0.14584567535545018 0.8788083953960732 0.1302947274881516 0.899119837508463 0.12881368483412317 0.9119837508463101 0.1339973341232227 0.9234935680433312 0.1432538507109004 0.9214624238320921 0.141772808056872 0.9085985104942451 0.15547245260663503 0.8896411645226813
3 0.49944460900473925 0.8693297224102912 0.48056131516587675 0.8903182125930942 0.4787100118483412 0.9045362220717672 0.48833678909952605 0.9146919431279621 0.5005553909952607 0.9207853757616792 0.49833382701421797 0.9011509817197022 0.5068498222748815 0.8761002031144212
3 0.8641513625592419 0.9275558564658091 0.8523030213270143 0.9410968178740692 0.8508219786729858 0.9539607312119162 0.8611892772511849 0.9627623561272851 0.8667431872037916 0.9627623561272851 0.8667431872037916 0.9444820582261342 0.8756294431279622 0.9302640487474612
