0 0.001574612403100789 0.2170542635658915 0.21656976744186046 0.25359911406423036 0.5339147286821706 0.30564784053156147 0.8052325581395348 0.3554817275747508 0.99921875 0.3985782593846058 0.99921875 0.4806201550387597 0.5847868217054264 0.3953488372093023 0.25835755813953487 0.3344407530454042 0.0003633720930232693 0.28792912513842744
1 0.09535256410256414 0.29853479853479853 0.10812299679487183 0.3342490842490842 0.10937500000000004 0.36446886446886445 0.10511818910256414 0.48992673992673996 0.10461738782051286 0.5448717948717948 0.1103766025641026 0.5489926739926739 0.12139423076923081 0.5508241758241758 0.12715344551282054 0.49450549450549447 0.12164463141025646 0.4816849816849817 0.12765424679487183 0.35210622710622713 0.13141025641025644 0.33195970695970695 0.1329126602564103 0.3163919413919414 0.13366386217948723 0.30357142857142855
1 0.2293169070512821 0.32417582417582413 0.2318209134615385 0.34386446886446886 0.23307291666666674 0.36950549450549447 0.2310697115384616 0.42582417582417587 0.22906650641025647 0.4885531135531136 0.22906650641025647 0.5311355311355311 0.23307291666666674 0.5769230769230769 0.23682892628205132 0.5938644688644689 0.2536057692307693 0.5956959706959707 0.26362179487179493 0.5521978021978022 0.26136818910256415 0.5375457875457875 0.24784655448717957 0.5357142857142857 0.2475961538461539 0.49587912087912084 0.25185296474358976 0.3772893772893773 0.25911458333333337 0.32875457875457875
1 0.38857171474358976 0.3484432234432234 0.3953325320512821 0.36355311355311354 0.4043469551282051 0.40430402930402926 0.40059094551282054 0.494047619047619 0.39833733974358976 0.554945054945055 0.4035957532051282 0.6085164835164835 0.4108573717948718 0.6369047619047619 0.41486378205128205 0.6414835164835165 0.42613181089743585 0.641941391941392 0.4426582532051282 0.5819597069597069 0.4389022435897436 0.575091575091575 0.4303886217948718 0.5741758241758241 0.4256310096153846 0.5824175824175823 0.4171173878205129 0.6167582417582418 0.41361177884615385 0.5961538461538461 0.4098557692307693 0.5535714285714286 0.41361177884615385 0.4679487179487179 0.4193709935897436 0.4088827838827839 0.42462940705128205 0.3855311355311355 0.42487980769230765 0.3617216117216117 0.42613181089743585 0.3562271062271062
1 0.548828125 0.3791208791208791 0.5538361378205129 0.39377289377289376 0.5550881410256411 0.4368131868131868 0.5550881410256411 0.47527472527472525 0.5508313301282051 0.559065934065934 0.5513321314102564 0.5911172161172161 0.5570913461538461 0.6346153846153846 0.5663561698717949 0.6721611721611721 0.5713641826923077 0.6781135531135531 0.5821314102564102 0.6749084249084248 0.5913962339743589 0.6437728937728938 0.5989082532051282 0.6158424908424909 0.5954026442307693 0.608058608058608 0.5888922275641025 0.608058608058608 0.5838842147435898 0.614010989010989 0.5738681891025641 0.6515567765567766 0.5658553685897436 0.6066849816849816 0.5623497596153846 0.5828754578754578 0.5641025641025641 0.5554029304029304 0.5678585737179487 0.4606227106227106 0.5696113782051282 0.434981684981685 0.5751201923076923 0.4198717948717949 0.580879407051282 0.40293040293040294 0.5828826121794871 0.38461538461538464
1 0.7378806089743589 0.4157509157509157 0.7443910256410257 0.4381868131868132 0.7486478365384615 0.4766483516483516 0.7476462339743589 0.5183150183150184 0.7443910256410257 0.5654761904761905 0.7426382211538461 0.6158424908424909 0.7448918269230769 0.6469780219780219 0.7524038461538461 0.6863553113553114 0.7611678685897436 0.7147435897435898 0.7666766826923077 0.7239010989010989 0.7794471153846154 0.7239010989010989 0.790214342948718 0.6996336996336996 0.8057391826923077 0.6648351648351648 0.802734375 0.6529304029304029 0.7942207532051282 0.6547619047619048 0.7864583333333333 0.6639194139194139 0.770683092948718 0.7019230769230769 0.7629206730769231 0.6616300366300366 0.7576622596153846 0.6282051282051282 0.7599158653846154 0.5709706959706959 0.7641726762820513 0.5164835164835165 0.7671774839743589 0.4688644688644688 0.7719350961538461 0.4482600732600732 0.7719350961538461 0.4331501831501831 0.7784455128205128 0.42032967032967034
1 0.9351963141025641 0.461996336996337 0.9464643429487178 0.4885531135531136 0.948467548076923 0.527014652014652 0.9414563301282051 0.5892857142857143 0.9346955128205128 0.646062271062271 0.9326923076923077 0.6771978021978022 0.9349459134615385 0.7133699633699634 0.9417067307692308 0.7564102564102564 0.9494691506410255 0.7898351648351648 0.9557291666666666 0.798992673992674 0.9690004006410255 0.798992673992674 0.99921875 0.7630535453706186 0.99921875 0.7472527472527473 0.9932892628205128 0.7472527472527473 0.9830228365384615 0.7559523809523809 0.9622395833333334 0.7797619047619048 0.9559795673076923 0.7591575091575091 0.9467147435897436 0.6854395604395603 0.9472155448717949 0.663003663003663 0.9579827724358975 0.5622710622710623 0.9672475961538461 0.5054945054945055 0.9702524038461539 0.48580586080586075 0.9782652243589742 0.46840659340659335
2 0.10712139423076927 0.5013736263736264 0.12640224358974364 0.5036630036630036 0.12414863782051286 0.48534798534798534 0.11137820512820515 0.4835164835164835
2 0.24183693910256415 0.5489926739926739 0.2463441506410257 0.558150183150183 0.262870592948718 0.5576923076923077 0.26487379807692313 0.5494505494505494 0.2608673878205129 0.5352564102564102 0.2475961538461539 0.5357142857142857
2 0.4251302083333333 0.5869963369963369 0.4406550480769231 0.5938644688644689 0.44240785256410253 0.5810439560439561 0.4381510416666667 0.5732600732600732 0.4308894230769231 0.5732600732600732 0.4253806089743589 0.5815018315018315
2 0.5826322115384615 0.6213369963369962 0.5966546474358975 0.6259157509157509 0.6001602564102564 0.61492673992674 0.5946514423076923 0.6066849816849816 0.5873898237179487 0.6062271062271062 0.5843850160256411 0.6126373626373626
2 0.7857071314102564 0.6671245421245421 0.7912159455128205 0.6721611721611721 0.8047375801282051 0.6680402930402931 0.8064903846153847 0.6602564102564102 0.8009815705128205 0.6529304029304029 0.7907151442307693 0.6561355311355311
2 0.9837740384615385 0.75503663003663 0.987530048076923 0.7628205128205129 0.9977964743589742 0.7651098901098902 0.9990484775641025 0.7637362637362638 0.9990484775641025 0.7454212454212454 0.9900340544871795 0.7477106227106227
3 0.106620592948718 0.5297619047619048 0.12189503205128209 0.5338827838827839 0.12189503205128209 0.5503663003663003 0.10411658653846159 0.5457875457875457
3 0.23332331730769237 0.576007326007326 0.23858173076923084 0.5952380952380952 0.2541065705128206 0.5952380952380952 0.25610977564102566 0.5833333333333333 0.24133613782051286 0.5819597069597069 0.2378305288461539 0.5668498168498168
3 0.4156149839743589 0.6172161172161172 0.40685096153846156 0.6217948717948717 0.4101061698717949 0.6382783882783882 0.41636618589743585 0.6410256410256411 0.4256310096153846 0.6405677655677655 0.42037259615384615 0.6309523809523809 0.4156149839743589 0.6227106227106226
3 0.5731169871794871 0.6515567765567766 0.5636017628205129 0.6552197802197802 0.5666065705128205 0.6703296703296703 0.5718649839743589 0.6762820512820512 0.5788762019230769 0.6744505494505494 0.5836338141025641 0.6717032967032966 0.5733673878205128 0.6671245421245421 0.571113782051282 0.6607142857142857
3 0.7711838942307693 0.6996336996336996 0.760917467948718 0.7074175824175823 0.7614182692307693 0.7156593406593407 0.7654246794871795 0.7225274725274725 0.7721854967948718 0.7248168498168498 0.7791967147435896 0.7216117216117216 0.7699318910256411 0.7147435897435898 0.7709334935897436 0.701007326007326 0.7709334935897436 0.7042124542124543
3 0.9592347756410255 0.776098901098901 0.9517227564102564 0.7802197802197802 0.9487179487179487 0.7861721611721612 0.9534755608974359 0.793040293040293 0.958233173076923 0.7976190476190476 0.9669971955128205 0.7976190476190476 0.9710036057692308 0.7967032967032966 0.9609875801282051 0.7875457875457875
