0 0.0003633720930232693 0.2369878183831672 0.22868217054263568 0.17386489479512734 0.5084786821705427 0.10188261351052048 0.7458817829457364 0.042081949058693245 0.9748062015503874 0.0 0.99921875 0.0010628592522280256 0.9990310077519379 0.09191583610188263 0.7713178294573644 0.13732004429678848 0.5266472868217054 0.19379844961240308 0.3031734496124031 0.2502768549280177 0.11361434108527133 0.30011074197120713 0.0003633720930232693 0.33333333333333337
1 0.0007034952606634566 0.5463777928232905 0.012181575829383836 0.5721056194989844 0.020327310426540235 0.5626269465132024 0.02662174170616109 0.5707515233581585 0.02958382701421796 0.6066350710900474 0.013292357819905162 0.6235612728503723 0.0 0.5958794102159033
1 0.08993631516587672 0.3080568720379147 0.09993335308056868 0.3351387948544347 0.11178169431279616 0.3581584292484767 0.12807316350710896 0.4360189573459716 0.1432538507109004 0.48815165876777256 0.16176688388625587 0.5429925524712255 0.18027991706161134 0.5876777251184835 0.18916617298578195 0.5897088693297224 0.20138477488151657 0.5754908598510494 0.20730894549763032 0.5538253215978335 0.20397659952606634 0.5457007447528774 0.19323904028436015 0.5592417061611374 0.1902769549763033 0.5639810426540285 0.17583678909952602 0.5274204468517265 0.15695349526066346 0.4786729857819906 0.1254813388625592 0.3351387948544347 0.12474081753554497 0.3121191604603927 0.11918690758293835 0.2992552471225457
1 0.2750666469194313 0.25795531482735273 0.28210159952606634 0.27420446851726477 0.29172837677725116 0.29519295870006773 0.2972822867298578 0.3033175355450237 0.3146845379146919 0.37711577522004064 0.33171652843601895 0.4441435341909276 0.33986226303317535 0.4651320243737306 0.36466972748815163 0.5159106296547055 0.3787396327014218 0.5328368314150305 0.3887366706161137 0.5253893026404876 0.4109523104265402 0.4874746106973596 0.4076199644549763 0.4752877454299256 0.39799318720379145 0.49153689911983756 0.38614484597156395 0.5071090047393365 0.37244520142180093 0.48138117806364256 0.3513403436018957 0.4387271496276236 0.342083827014218 0.41503046716316855 0.3120927132701422 0.28097494922139477 0.31024140995260663 0.25389302640487477 0.3135737559241706 0.24170616113744078
1 0.4957441634241245 0.207893274041134 0.5033438715953307 0.22290161200667039 0.5103356031128404 0.2379099499722068 0.5148954280155642 0.24958310172317957 0.5234071011673151 0.2907170650361312 0.5410384241245136 0.39633129516397997 0.5477261673151751 0.4168982768204558 0.558669747081712 0.44747081712062264 0.5696133268482491 0.4752640355753196 0.579340953307393 0.4936075597554197 0.5878526264591439 0.5019455252918289 0.6073078793774319 0.4830461367426348 0.622203307392996 0.43802112284602557 0.6185554474708171 0.4302390216787105 0.6094357976653696 0.43968871595330744 0.5942363813229572 0.47748749305169547 0.5911964980544747 0.47804335742078935 0.5787329766536965 0.4585881045025014 0.5638375486381323 0.4202334630350195 0.5544139105058365 0.3941078376876042 0.5459022373540856 0.35630906058921624 0.5303988326848248 0.2584769316286826 0.5307028210116731 0.23290717065036132 0.5279669260700388 0.21234018899388551 0.5282709143968871 0.20066703724291274 0.5337427042801556 0.18843802112284602 0.49027237354085595 0.20066703724291274
1 0.7153445512820513 0.14972527472527472 0.7248597756410257 0.16895604395604394 0.7311197916666667 0.19184981684981686 0.7363782051282051 0.2028388278388278 0.7396334134615384 0.23809523809523808 0.7451422275641025 0.29349816849816845 0.7524038461538461 0.33608058608058605 0.7581630608974359 0.3576007326007326 0.7809495192307693 0.39972527472527475 0.8004807692307692 0.4253663003663003 0.8104967948717949 0.4322344322344322 0.8172576121794872 0.4313186813186813 0.8267728365384615 0.41804029304029305 0.8483072916666666 0.358974358974359 0.8515625 0.34935897435897434 0.850811298076923 0.33974358974358976 0.8463040865384615 0.33974358974358976 0.8392928685897436 0.34935897435897434 0.8175080128205128 0.41208791208791207 0.8122495993589742 0.41208791208791207 0.7992287660256411 0.3992673992673993 0.7739383012820513 0.3566849816849817 0.7659254807692307 0.3347069597069597 0.7564102564102564 0.2614468864468864 0.7498998397435898 0.21062271062271062 0.7498998397435898 0.16987179487179488 0.7624198717948718 0.14285714285714285 0.7686798878205128 0.1382783882783883
1 0.9392027243589742 0.10622710622710621 0.9459635416666666 0.12866300366300365 0.9499699519230769 0.14606227106227104 0.9534755608974359 0.1616300366300366 0.9557291666666666 0.20238095238095236 0.9599859775641025 0.29532967032967034 0.9614883814102564 0.3113553113553113 0.9682491987179487 0.3383699633699634 0.9805188301282051 0.37545787545787546 0.9900340544871795 0.39972527472527475 0.9987980769230769 0.41208791208791207 0.9985476762820513 0.36538461538461536 0.9867788461538461 0.33608058608058605 0.9790164262820513 0.3076923076923077 0.9745092147435898 0.2815934065934066 0.9720052083333334 0.2097069597069597 0.9705028044871795 0.13553113553113552 0.9742588141025641 0.125 0.9757612179487178 0.11492673992673992 0.9782652243589742 0.10622710622710621 0.9860276442307692 0.09706959706959706
2 0.012970753205128253 0.5764652014652014 0.007211538461538507 0.5865384615384615 0.008713942307692353 0.5984432234432234 0.016726762820512865 0.5952380952380952 0.02749399038461543 0.5819597069597069 0.026993189102564145 0.5682234432234432 0.02048277243589748 0.5645604395604396
2 0.1927584134615385 0.5622710622710623 0.18925280448717952 0.5673076923076923 0.1922576121794872 0.5746336996336996 0.20327524038461542 0.5686813186813187 0.20778245192307696 0.5517399267399268 0.20302483974358979 0.5444139194139194
2 0.39264838129496404 0.4991435423090099 0.3988309352517986 0.5080507022953067 0.41044664268585135 0.4888660500171292 0.4078237410071942 0.4748201438848921 0.397332134292566 0.48989379924631726
2 0.6064148681055156 0.4504967454607743 0.6116606714628297 0.45803357314148685 0.6184052757793765 0.4504967454607743 0.6210281774580336 0.4374785885577252 0.6195293764988009 0.4292565947242206 0.6097871702637889 0.4391915039397054
2 0.8355440647482014 0.36279547790339156 0.8409772182254196 0.3675916409729359 0.8482838729016787 0.3593696471394313 0.8518435251798561 0.3484069886947585 0.8505320743405276 0.3391572456320658 0.8462230215827338 0.3391572456320658 0.8383543165467626 0.35183281945871875
3 0.010828836930455669 0.6097978759849263 0.015512589928057588 0.6207605344295992 0.029001798561151114 0.6070572113737581 0.027128297362110348 0.5995203836930455 0.01476318944844128 0.6108256252141144
3 0.18750000000000006 0.5608084960602946 0.1773830935251799 0.5741692360397397 0.17888189448441252 0.5851318944844125 0.18487709832134297 0.5892428914011648 0.19049760191846526 0.5875299760191847 0.20173860911270988 0.5748544021925317 0.19031025179856118 0.578965399109284 0.1837529976019185 0.5731414868105517
3 0.3838429256594725 0.5032545392257622 0.37503747002398086 0.5200411099691675 0.37353866906474825 0.5286056868790682 0.377847721822542 0.5361425145597808 0.3823441247002398 0.5334018499486125 0.387589928057554 0.5306611853374443 0.3864658273381295 0.5207262761219595 0.385154376498801 0.5073655361425146
3 0.5908648081534772 0.4792737238780404 0.5848696043165468 0.4892086330935252 0.5829961031175059 0.4991435423090099 0.5884292565947242 0.5035971223021584 0.6060401678657075 0.4830421377183967 0.595361211031175 0.4895512161699212 0.5921762589928058 0.4833847207947927
3 0.8104391486810553 0.4117848578280233 0.8044439448441247 0.4196642685851319 0.8029451438848921 0.42788626241863653 0.8070668465227818 0.4313120931825968 0.8115632494004796 0.43233984241178486 0.81755845323741 0.42994176087701264 0.8243030575539569 0.42000685166152796 0.8158723021582734 0.41658102089756766
