0 0.003391472868217068 0.3421926910299003 0.18871124031007752 0.23588039867109634 0.4200581395348837 0.10409745293466224 0.6202060383516932 2.0301221021717148e-17 0.8452034883720929 0.0 0.43035368217054265 0.2081949058693245 0.18144379844961242 0.34662236987818384 2.2204460492503132e-17 0.4473617461413916
1 0.0011042402826855124 0.6951034830893488 0.015183303886925795 0.7354871277132761 0.029538427561837454 0.7637556789500252 0.033955388692579504 0.7258960121150934 0.050242932862190816 0.7112569409389197 0.05576413427561837 0.723876829883897 0.05107111307420494 0.790509843513377 0.04720627208480565 0.8016153457849571 0.03036660777385159 0.8147400302877335 0.02070450530035336 0.806663301362948 0.0002760600706713781 0.762241292276628
1 0.14382729681978798 0.3690055527511358 0.15625 0.3932357395254922 0.1601148409893993 0.4109035840484604 0.16839664310954064 0.42200908632004036 0.178886925795053 0.4608783442705704 0.18827296819787986 0.5174154467440686 0.1990393109540636 0.5724381625441696 0.2089774734982332 0.6047450782433115 0.22333259717314488 0.6461383139828369 0.23989620141342755 0.6774356385663807 0.252594964664311 0.6935890964159516 0.2691585689045936 0.6895507319535588 0.27385159010600707 0.6597677940434125 0.28185733215547704 0.5936395759717314 0.28020097173144876 0.5774861181221604 0.27661219081272087 0.5719333669863704 0.2688825088339223 0.5774861181221604 0.26363736749116606 0.5845532559313478 0.25756404593639576 0.6385663806158506 0.25425132508833925 0.6663301362948005 0.24486528268551236 0.651691065118627 0.2269213780918728 0.6087834427057042 0.21946775618374556 0.5880868248359414 0.20318021201413425 0.5022715800100959 0.19158568904593637 0.436648157496214 0.18937720848056536 0.40484603735487124 0.18496024734982333 0.37758707723372037 0.17971510600706714 0.3508329126703685 0.18219964664310953 0.34023220595658754
1 0.3828953180212014 0.23271075214538112 0.39421378091872794 0.25391216557294294 0.3991828621908127 0.2690560323069157 0.4102252650176679 0.28672387682988393 0.4223719081272085 0.3624432104997476 0.4370030918727915 0.4437152953054013 0.44528489399293286 0.47097425542655225 0.4637809187279152 0.4957092377587077 0.485589664310954 0.5159010600706714 0.5021532685512368 0.5259969712266532 0.5176126325088339 0.5239777889954568 0.5258944346289753 0.49974760222110043 0.5396974381625441 0.39979808177688037 0.5396974381625441 0.3801110550227158 0.5294832155477032 0.3796062594649167 0.5234098939929328 0.3796062594649167 0.5209253533568904 0.39979808177688037 0.507398409893993 0.49318525996971224 0.5024293286219081 0.5068147400302877 0.4839333038869258 0.49116607773851584 0.46875 0.4734982332155477 0.45991607773851595 0.4563351842503786 0.4519103356890459 0.4209994952044422 0.43092977031802115 0.3089348813730439 0.4276170494699646 0.2640080767289248 0.4270649293286219 0.23725391216557293 0.43396643109540634 0.20040383644623927
1 0.6299690812720848 0.10600706713780919 0.6421157243816255 0.12619888944977284 0.6567469081272085 0.16304896516910652 0.662268109540636 0.1993942453306411 0.6741386925795052 0.2705704189803129 0.6846289752650176 0.34275618374558303 0.6934628975265017 0.3740535083291267 0.7158237632508834 0.41847551741544675 0.7321113074204947 0.4457344775365976 0.7492270318021201 0.4573447753659768 0.7668948763250883 0.44825845532559316 0.7881515017667844 0.3937405350832912 0.8022305653710248 0.34881373043917213 0.7972614840989399 0.34124179707218577 0.7840106007067138 0.34528016153457847 0.7704836572438162 0.381625441696113 0.7539200530035336 0.4300858152448258 0.7351479681978799 0.4058556284704694 0.7174801236749117 0.37304391721352853 0.7080940812720848 0.3447753659767794 0.6984319787985865 0.28672387682988393 0.6829726148409894 0.17869762746087833 0.6766232332155477 0.12165572942958101 0.6780035335689046 0.0817768803634528
1 0.8974712897526501 0.002523977788995457 0.9101700530035336 0.013124684502776375 0.9201082155477032 0.04240282685512367 0.9250772968197879 0.09338717819283189 0.9375 0.1923271075214538 0.9446775618374558 0.2332155477031802 0.9535114840989399 0.2640080767289248 0.971179328621908 0.29429581019687023 0.9863626325088338 0.3225643614336194 0.9990613957597173 0.3407370015143867 0.9990613957597173 0.3033821302372539 0.9863626325088338 0.2811711256940939 0.9722835689045937 0.2549217566885411 0.9626214664310954 0.2332155477031802 0.9535114840989399 0.16456335184250379 0.9444015017667844 0.07470974255426553 0.9386042402826854 0.02271580010095911 0.9380521201413428 0.0020191822311963654
2 0.028963414634146346 0.7428571428571429 0.038871951219512195 0.7463414634146343 0.05602134146341464 0.7324041811846691 0.05602134146341464 0.7205574912891985 0.04992378048780488 0.7101045296167248 0.03353658536585366 0.7261324041811846 0.03163109756097561 0.7386759581881533
2 0.26226200331125826 0.6007568590350048 0.26924668874172186 0.6073793755912962 0.28243998344370863 0.5936613055818354 0.2806291390728477 0.5775780510879849 0.27623137417218546 0.5714285714285714 0.2687293046357616 0.5780510879848628 0.2627793874172185 0.5832544938505203
2 0.5201779801324503 0.39877010406811736 0.5292322019867549 0.40255439924314096 0.5395798841059603 0.3982970671712393 0.5398385761589404 0.37937559129612114 0.5243170529801324 0.38221381267738885
2 0.7762831125827814 0.36565752128666035 0.7840438741721854 0.37464522232734154 0.7980132450331126 0.3623462630085147 0.8031870860927153 0.347682119205298 0.7946502483443708 0.33916745506149476 0.783267798013245 0.3467360454115421
3 0.012365480132450318 0.7876064333017975 0.024782698675496675 0.8098391674550616 0.03331953642384105 0.8103122043519394 0.04909975165562913 0.7980132450331126 0.03461299668874171 0.7961210974456008 0.02995653973509933 0.7790917691579944
3 0.2503621688741722 0.6627246925260171 0.2410492549668874 0.674077578051088 0.24027317880794702 0.6835383159886471 0.248033940397351 0.6929990539262062 0.25553600993377484 0.695837275307474 0.2669184602649007 0.6868495742667928 0.2560533940397351 0.6802270577105014 0.25139693708609273 0.6698202459791863
3 0.49948261589403964 0.5037842951750237 0.4919805463576158 0.5094607379375591 0.49120447019867547 0.5193945127719962 0.49948261589403964 0.5236518448438978 0.5095716059602649 0.5236518448438978 0.5199192880794701 0.522232734153264 0.5038803807947019 0.5132450331125828
3 0.7478269867549668 0.42573320719016083 0.7379966887417219 0.4351939451277199 0.7333402317880794 0.4474929044465469 0.7423944536423841 0.4536423841059603 0.7511899834437086 0.456480605487228 0.7636072019867549 0.44938505203405865 0.7680049668874172 0.4465468306527909 0.7558464403973509 0.4441816461684011 0.7535182119205298 0.4337748344370861
