0 0.0021802325581395483 0.9114064230343298 0.15843023255813954 0.7153931339977851 0.3637354651162791 0.46400885935769653 0.5375484496124031 0.25249169435215946 0.6925872093023255 0.07641196013289035 0.7616279069767442 0.0 0.9081879844961239 0.0 0.7258963178294573 0.20044296788482838 0.4987887596899225 0.45404208194905865 0.26865310077519383 0.7275747508305648 0.060925387596899236 0.9911406423034329 0.052797965116279 0.9985714285714286 0.0 0.9967076704504965
1 0.24179584432717677 0.7320015077271014 0.25272097625329815 0.756879004900113 0.261172493403694 0.8160572936298529 0.2716853562005277 0.8993592159819072 0.28137368073878627 0.9325292122125894 0.3023994063324538 0.9592913682623444 0.32734168865435354 0.9623068224651338 0.33393799472295516 0.943083301922352 0.33806068601583117 0.8903128533735394 0.3417711081794195 0.8134187712024122 0.3399158970976253 0.788164342254052 0.32775395778364114 0.7825103656238221 0.31703496042216356 0.7821334338484734 0.3133245382585752 0.7957029777610253 0.310438654353562 0.8416886543535619 0.3081711741424802 0.9280060309084055 0.3019871372031662 0.9212212589521297 0.29683377308707126 0.9035054655107425 0.2850841029023746 0.8190727478326423 0.2762203166226913 0.7459479834150019 0.2762203166226913 0.7214474180173388 0.2725098944591029 0.6965699208443271
1 0.47237809597523217 0.4590888987173817 0.4844717492260062 0.47987616099071206 0.5033378482972136 0.5453339230429014 0.5202689628482972 0.6019460415745246 0.5294601393188855 0.6209641751437417 0.5401025541795665 0.6329057938965059 0.5618711300309598 0.6368863334807607 0.5967008513931888 0.6404245908889872 0.6058920278637772 0.6351172047766475 0.6138738390092879 0.6121185316231756 0.6191950464396285 0.5692171605484299 0.6266931114551084 0.4626271561256082 0.625 0.4480318443166741 0.6138738390092879 0.44139761167624947 0.6037151702786379 0.44139761167624947 0.5996033281733746 0.44847412649270235 0.5967008513931888 0.47943387881468374 0.5901702786377709 0.5745245466607696 0.5860584365325077 0.6019460415745246 0.5785603715170279 0.6178681999115435 0.5669504643962848 0.6222910216718266 0.5550986842105263 0.6183104820875719 0.5456656346749227 0.599734630694383 0.5026122291021672 0.45687748783724014 0.49632352941176466 0.4307828394515701
1 0.7406153250773995 0.1698363555948695 0.7507739938080495 0.17558602388323752 0.7580301857585139 0.18708536045997345 0.7742356811145511 0.2184873949579832 0.7943111455108359 0.25917735515258733 0.811000386996904 0.2786377708978328 0.8310758513931888 0.2901371074745688 0.853328173374613 0.28925254312251214 0.8772736068111454 0.2826183104820876 0.8966234520123839 0.2618310482087572 0.9038796439628483 0.22556390977443608 0.9094427244582043 0.13047324192835028 0.9106520897832817 0.08934099955771782 0.907749613003096 0.0804953560371517 0.9009771671826625 0.07120743034055728 0.8925116099071208 0.07032286598850067 0.8888835139318886 0.07828394515701016 0.8867066563467493 0.1163202122954445 0.8835623065015479 0.18531623175586023 0.8789667182662539 0.2260061919504644 0.8709849071207432 0.2472357363998231 0.859375 0.26050420168067223 0.8376064241486068 0.2684652808491818 0.8201915634674922 0.2684652808491818 0.7993904798761611 0.23352498894294563 0.7846362229102167 0.20256523662096418 0.7737519349845201 0.18222025652366208 0.7693982198142415 0.16187527642636002 0.7621420278637772 0.14904909332153915 0.7589976780185759 0.13224237063246352
2 0.31346749226006193 0.8151260504201682 0.32023993808049533 0.8151260504201682 0.3420085139318886 0.8199911543564794 0.34031540247678016 0.7885891198584696 0.3267705108359133 0.7810703228659885 0.31443498452012386 0.7819548872180451 0.31177438080495357 0.8027421494913755
2 0.5979102167182663 0.4688191065900044 0.6044407894736843 0.47235736399823086 0.6262093653250773 0.47501105705440066 0.6269349845201239 0.46041574524546663 0.6245162538699691 0.4453781512605042 0.6114551083591332 0.4409553295002212 0.5998452012383901 0.449358690844759
2 0.8888835139318886 0.08889871738168952 0.8958978328173375 0.08845643520566121 0.9101683436532507 0.10703228659885007 0.9111358359133128 0.0880141530296329 0.9058146284829721 0.0800530738611234 0.9002515479876161 0.07076514816452897 0.8913022445820433 0.06766917293233084 0.8883997678018576 0.07695709862892526
3 0.3050019349845201 0.9279080053073862 0.29895510835913314 0.9385227775320654 0.2953270123839009 0.9531180893409995 0.3028250773993808 0.9584254754533391 0.33064047987616096 0.9597523219814241 0.3325754643962848 0.9486952675807164 0.3074206656346749 0.9447147279964617 0.30838815789473684 0.9274657231313578
3 0.5754160216718266 0.620079610791685 0.576625386996904 0.6386554621848739 0.5942821207430341 0.6408668730650154 0.6061339009287925 0.6351172047766475 0.6102457430340558 0.6240601503759399 0.5916215170278638 0.6196373286156568 0.5833978328173375 0.6090225563909775 0.5788022445820433 0.6152145068553737
3 0.8702592879256965 0.24812030075187969 0.8741292569659442 0.25961963732861565 0.8816273219814242 0.2786377708978328 0.8932372291021672 0.2697921273772667 0.8985584365325078 0.2547545333923043 0.9009771671826625 0.2410437859354268 0.8859810371517028 0.23087129588677577 0.8787248452012385 0.22246793454223796 0.8748548761609907 0.2419283502874834
