0 0.003391472868217068 0.7009966777408638 0.23655523255813957 0.44518272425249167 0.41763565891472865 0.25802879291251385 0.5835755813953488 0.08859357696566998 0.6762878026605417 -1.0150610510858574e-17 0.8264292635658913 0.0033222591362126242 0.5866036821705427 0.22702104097452933 0.4146075581395349 0.39867109634551495 0.18992248062015507 0.6234772978959026 0.0 0.8212989051964618
1 0.027828166226912927 0.7406709385601206 0.03092018469656992 0.7651715039577837 0.03153858839050132 0.7908028646814926 0.021231860158311345 0.7832642291745194 0.014017150395778364 0.7919336600075386 0.012574208443271766 0.8220882020354315 0.01113126649076517 0.8835280814172635 0.01154353562005277 0.9019977384093478 0.014429419525065962 0.9234828496042217 0.025766820580474935 0.9295137580098002 0.03236312664907652 0.9287598944591028 0.038134894459102904 0.9114210327930644 0.04246372031662269 0.8669430833019224 0.047204815303430084 0.7877874104787033 0.05359498680738787 0.7587636637768563 0.0758575197889182 0.7282321899736147
1 0.1960339709762533 0.5567282321899736 0.19933212401055408 0.5849981153411232 0.1958278364116095 0.6287222012815681 0.1945910290237467 0.682246513381078 0.1945910290237467 0.7271013946475687 0.1945910290237467 0.7410478703354693 0.20221800791556727 0.7470787787410479 0.21190633245382587 0.7489634376177912 0.21705969656992083 0.7451941198643046 0.22035784960422164 0.7082548058801357 0.22241919525065962 0.6174142480211082 0.22283146437994722 0.5880135695439126 0.22695415567282323 0.5653976630229928 0.2306645778364116 0.5476818695816058
1 0.37537104221635886 0.3931398416886543 0.38505936675461744 0.4093479080286468 0.38567777044854884 0.4240482472672446 0.38485323218997364 0.4643799472295514 0.38237961741424803 0.5212966453071993 0.38237961741424803 0.5525819826611383 0.38382255936675463 0.5733132303053148 0.387532981530343 0.5849981153411232 0.40773416886543534 0.5951752732755371 0.41268139841688656 0.5838673200150772 0.4203083773087071 0.5122502826988315 0.42566787598944594 0.44779494911421036 0.42319426121372034 0.43158688277421786 0.4141243403693931 0.42781756502073126 0.40732189973614774 0.42744063324538256 0.40897097625329815 0.40407086317376556 0.41206299472295516 0.3920090463626084 0.4149488786279683 0.36034677723332076
1 0.5918123350923483 0.18130418394270637 0.5975841029023747 0.1967583867320015 0.5992331794195251 0.22427440633245385 0.6056233509234829 0.28835280814172637 0.6085092348284961 0.31775348661892194 0.6157239445910291 0.34150018846588764 0.6254122691292876 0.3490388239728609 0.6493238786279683 0.3607237090086694 0.6598367414248021 0.3611006407840181 0.6682882585751979 0.3520542781756502 0.6746784300791557 0.33245382585751976 0.6928182717678101 0.2054278175650207 0.6936428100263853 0.18394270637014698 0.6860158311345647 0.1760271390878251 0.6748845646437995 0.17225782133433848 0.6693189313984169 0.17338861666038446 0.6651962401055409 0.1858273652468903 0.6528281662269129 0.27742178665661515 0.64561345646438 0.3173765548435733 0.6404600923482849 0.33094609875612513 0.6357189973614775 0.3343384847342631 0.6330392480211081 0.3173765548435733 0.6289165567282322 0.2717678100263852 0.622938654353562 0.21598190727478328 0.620877308707124 0.18846588767433095 0.6210834432717678 0.15944214097248396
1 0.8709185356200528 0.0 0.876690303430079 0.02223897474557105 0.8824620712401055 0.04711647191858274 0.8884399736147758 0.05842442517904259 0.9071982189973614 0.07387862796833773 0.9166804089709762 0.07387862796833773 0.9300791556728232 0.07086317376554843 0.9424472295514512 0.06370147003392386 0.9552275725593666 0.047493403693931395 0.9647097625329815 0.015454202789295136 0.9671833773087071 0.0 0.9375 0.0015077271013946476 0.9335834432717679 0.01620806633999246 0.9296668865435356 0.027516019600452316 0.9222460422163588 0.0365623822088202 0.913794525065963 0.04787033546928006 0.9010141820580475 0.04824726724462872 0.8902951846965699 0.0018846588767433095
2 0.012986477572559366 0.8119110441010178 0.03401220316622691 0.8137957029777609 0.03195085751978892 0.7904259329061439 0.021025725593667548 0.78590275160196 0.014635554089709762 0.7923105917828872
2 0.19727077836411608 0.6102525442894836 0.22241919525065962 0.6113833396155296 0.22324373350923482 0.5906520919713533 0.21458608179419522 0.5853750471164719 0.20283641160949867 0.5834903882397285 0.19809531662269128 0.5940444779494911
2 0.40670349604221634 0.42781756502073126 0.4009317282321899 0.43611006407840175 0.39722130606860157 0.4538258575197889 0.40443601583113453 0.4542027892951376 0.4188654353562005 0.4609875612514135 0.42546174142480214 0.4568413117225782 0.42608014511873354 0.4474180173388617 0.42587401055408974 0.4372408594044478 0.42298812664907653 0.43196381454956656 0.4149488786279683 0.42744063324538256
2 0.6641655672823219 0.19487372785525822 0.6717925461741425 0.1967583867320015 0.6924060026385225 0.20995099886920468 0.694879617414248 0.18394270637014698 0.6742661609498681 0.17037316245759518 0.6684943931398417 0.1730116848850358
3 0.010512862796833774 0.8997361477572559 0.03071405013192612 0.9061439879381832 0.0377226253298153 0.895212966453072 0.038134894459102904 0.9023746701846965 0.036073548812664905 0.9155672823218998 0.032981530343007916 0.9257444402563136 0.025148416886543533 0.9276290991330568 0.017109168865435356 0.9257444402563136 0.012780343007915567 0.9223520542781757
3 0.1950032981530343 0.7263475310968714 0.1939726253298153 0.7429325292122126 0.20139346965699206 0.7478326422917452 0.20943271767810026 0.7485865058424426 0.21458608179419522 0.7482095740670939 0.21767810026385223 0.742555597436864 0.21726583113456463 0.7255936675461742 0.1954155672823219 0.7222012815680362
3 0.38237961741424803 0.5537127779871843 0.38341029023746703 0.5691669807764794 0.3879452506596306 0.581982661138334 0.3900065963060686 0.5861289106671692 0.4017562664907651 0.5914059555220506 0.40752803430079154 0.5932906143987938 0.41288753298153036 0.5842442517904259 0.41309366754617416 0.5733132303053148 0.3914495382585752 0.5638899359215982 0.3914495382585752 0.5476818695816058 0.38526550131926124 0.5525819826611383
3 0.6353067282321899 0.33283075763286846 0.6276797493403694 0.34941575574820954 0.6394294195250659 0.35469280060309083 0.648499340369393 0.3580851865812288 0.6579815303430079 0.35959291368262347 0.6699373350923483 0.3520542781756502 0.6740600263852243 0.33546928006030907 0.6505606860158311 0.32378439502450057 0.6476748021108178 0.31096871466264603 0.643552110817942 0.32868450810403316 0.6377803430079155 0.33358462118356574
3 0.9189478891820582 0.043347154165096116 0.9216276385224275 0.05390124387485865 0.9342018469656992 0.06935544666415379 0.9438901715039577 0.06445533358462119 0.9504864775725593 0.055408970976253295 0.9566705145118733 0.045231813041839423 0.9614116094986807 0.02826988315114964 0.9424472295514512 0.016584998115341122 0.9366754617414248 0.004900113079532605 0.9346141160949868 0.017715793441387108 0.9304914248021108 0.02977761025254429 0.9241012532981531 0.03769317753486619
