0 0.000968992248062029 0.06533776301218161 0.406734496124031 0.19601328903654486 0.7398255813953488 0.3078626799557032 0.9978197674418604 0.4019933554817276 0.998425387596899 0.5116279069767441 0.22989341085271317 0.24806201550387597 0.0 0.1767187414160515
1 0.02134811046511628 0.1852159468438538 0.0006813226744186047 0.26287375415282394 0.0006813226744186047 0.3546511627906977 0.017487281976744186 0.37458471760797346 0.018622819767441862 0.3882890365448505 0.0 0.4127906976744186 0.0004542151162790698 0.17815614617940198
1 0.2121184593023256 0.24377076411960133 0.18849927325581395 0.38870431893687707 0.1869095203488372 0.42358803986710963 0.20076308139534885 0.48006644518272423 0.22029433139534885 0.5016611295681064 0.2336936773255814 0.4950166112956811 0.24482194767441862 0.4779900332225913 0.2816133720930233 0.4078073089700997 0.25867550872093026 0.3799833887043189 0.25367914244186046 0.38289036544850497 0.21325399709302326 0.4584717607973422 0.2103015988372093 0.4368770764119601 0.21847747093023256 0.37873754152823924 0.2427779796511628 0.25124584717607973
1 0.4449037063953488 0.3230897009966777 0.4210574127906977 0.4530730897009967 0.4201489825581396 0.4796511627906977 0.44195130813953487 0.5535714285714286 0.4573946220930233 0.5776578073089701 0.471702398255814 0.5697674418604651 0.5257539970930233 0.4912790697674419 0.510764898255814 0.4638704318936877 0.5025890261627908 0.4746677740863787 0.4585301598837209 0.5352990033222591 0.4499000726744186 0.5377906976744187 0.4392260174418604 0.5037375415282392 0.4392260174418604 0.4775747508305648 0.4678415697674419 0.33098006644518274
1 0.6626998546511629 0.3903654485049834 0.6749636627906976 0.4011627906976744 0.677234738372093 0.41569767441860467 0.667014898255814 0.5390365448504983 0.6711028343023255 0.571843853820598 0.6897256540697675 0.6046511627906976 0.7015352470930233 0.6237541528239203 0.7135719476744187 0.643687707641196 0.7281068313953488 0.6445182724252492 0.7426417151162791 0.627906976744186 0.7832939680232558 0.5477574750830565 0.7667151162790697 0.5174418604651163 0.755359738372093 0.5382059800664452 0.7203851744186046 0.603405315614618 0.7074400436046512 0.6083887043189369 0.6883630087209303 0.5809800664451827 0.6872274709302325 0.5622923588039868 0.7006268168604651 0.39867109634551495
1 0.8812252638522426 0.4666415378816434 0.8983344327176781 0.48548812664907653 0.8905013192612137 0.633245382585752 0.8983344327176781 0.658876743309461 0.929254617414248 0.7173011684885036 0.9410042875989445 0.73237843950245 0.9556398416886542 0.7308707124010554 0.9684201846965699 0.7173011684885036 0.99921875 0.6620953191025056 0.99921875 0.6185450433471542 0.9948054089709762 0.6155295891443648 0.9882091029023746 0.624199019977384 0.9504864775725593 0.6875235582359593 0.9405920184696569 0.6980776479457218 0.9315220976253299 0.6946852619675838 0.911733179419525 0.6637768563889935 0.9094656992084433 0.6437994722955145 0.911733179419525 0.6113833396155296 0.918123350923483 0.4907651715039578 0.9241012532981531 0.4719185827365247
2 0.015560963114754117 0.3903200624512099 0.0 0.36966143744719976 0.0001921106557377243 0.35323965651834505 0.01726861338797816 0.37431693989071035 0.02196465163934428 0.3856362217017954
2 0.2517947635135135 0.3883526383526383 0.27607685810810806 0.4198841698841699 0.28188344594594594 0.4073359073359073 0.2568975225225225 0.37548262548262545
2 0.5051731418918919 0.4703989703989704 0.5218890765765766 0.5003217503217503 0.5275197072072071 0.49002574002573995 0.5111556869369369 0.4604247104247104
2 0.7629504504504504 0.5244530244530243 0.7796663851351351 0.5566280566280566 0.7838893581081081 0.5463320463320462 0.7689329954954954 0.5164092664092663
2 0.9906390765765766 0.6206563706563706 0.9976773648648647 0.6296653796653796 0.99921875 0.6324839124839127 0.99921875 0.6196911196911197 0.9938063063063062 0.6116473616473617
3 0.21396396396396394 0.45688545688545684 0.20129504504504503 0.45688545688545684 0.19496058558558557 0.4665379665379665 0.20375844594594592 0.48166023166023164 0.22188203828828829 0.5003217503217503 0.23050394144144143 0.49678249678249675 0.21238034909909906 0.4707207207207207
3 0.45168215090090086 0.5386100386100385 0.44218046171171166 0.5318532818532818 0.4376055743243243 0.5418275418275418 0.4460515202702703 0.5585585585585585 0.4569608671171171 0.5743243243243242 0.4622395833333333 0.5727155727155727 0.45326576576576577 0.5508365508365508
3 0.7142103040540541 0.6103603603603603 0.7052364864864864 0.6077863577863578 0.6992539414414414 0.6206563706563706 0.7136824324324323 0.6425353925353925 0.7233600788288288 0.6444658944658944 0.7140343468468469 0.6219433719433719 0.7136694785276074 0.6132047911189016
3 0.9414941206543969 0.6973415132924335 0.933825408997955 0.6973415132924335 0.9261566973415134 0.7113643003213556 0.9408550613496933 0.7315220566754309 0.9520385991820042 0.7321063394683027 0.9390976482617587 0.7142857142857144
