0 0.998425387596899 0.1627906976744186 0.3903827519379845 0.0 -4.4408920985006264e-17 0.004406436706178308 0.0 0.02990033222591362 0.1578246124031008 0.06201550387596899 0.3703972868217055 0.10741971207087486 0.6180959302325582 0.1627906976744186 0.834907945736434 0.21262458471760798 0.99921875 0.25758303627001644
1 0.9116001945525293 0.23068371317398556 0.9392631322957199 0.28237909949972206 0.9392631322957199 0.29905503057254035 0.9179839494163424 0.40244580322401335 0.9106882295719844 0.4391328515842135 0.9094722762645915 0.4680377987770984 0.9164640077821012 0.5086158977209562 0.9228477626459144 0.5419677598665925 0.9356152723735409 0.5764313507504168 0.9489907587548638 0.5819899944413564 0.9696619649805447 0.5725403001667594 0.99921875 0.5521349162232987 0.99921875 0.5302946081156198 0.9830374513618677 0.5447470817120623 0.9571984435797665 0.5614230127848805 0.9435189688715953 0.5636464702612564 0.9331833657587548 0.5391884380211229 0.9237597276264591 0.48415786548082274 0.9204158560311283 0.45025013896609234 0.9383511673151752 0.3613118399110617 0.9492947470817121 0.29961089494163423 0.9523346303501945 0.2784880489160645 0.9799975680933851 0.24624791550861588
1 0.6997203307392996 0.17620900500277933 0.7276872568093384 0.22123401889938857 0.7285992217898832 0.24791550861589773 0.7261673151750972 0.3201778765981101 0.7237354085603113 0.37743190661478604 0.7234314202334631 0.415786548082268 0.7279912451361867 0.443579766536965 0.7459265564202335 0.481934408004447 0.7611259727626459 0.5158421345191774 0.7751094357976653 0.5319622012229016 0.7924367704280155 0.5308504724847137 0.811284046692607 0.5025013896609227 0.8395549610894941 0.45803224013340743 0.8450267509727626 0.4463590883824347 0.8365150778210116 0.43635352973874375 0.8304353112840467 0.4357976653696498 0.808852140077821 0.47359644246803784 0.7893968871595332 0.5063924402445804 0.7799732490272373 0.5158421345191774 0.7672057392996109 0.49305169538632576 0.7520063229571984 0.46247915508615905 0.7407587548638133 0.4263479710950528 0.7401507782101168 0.3985547526403557 0.7422786964980544 0.32518065591995554 0.7434946498054475 0.2690383546414675 0.7456225680933852 0.217342968315731 0.756262159533074 0.18732629238465814
1 0.47811284046692604 0.12395775430794886 0.48966439688715957 0.1539744302390217 0.4957441634241245 0.18899388549194 0.49422422178988323 0.23457476375764316 0.48875243190661477 0.33185102834908287 0.4872324902723735 0.38299055030572543 0.4948321984435798 0.4202334630350195 0.5066877431906615 0.4535853251806559 0.5227991245136187 0.49249583101723177 0.5325267509727627 0.5113952195664259 0.5504620622568093 0.5130628126737077 0.5653574902723736 0.5052807115063924 0.6103477626459144 0.43357420789327406 0.6048759727626459 0.42134519177320734 0.5902845330739299 0.4230127848804892 0.5455982490272373 0.49082823790995 0.5389105058365758 0.47804335742078935 0.5145914396887159 0.4168982768204558 0.5088156614785991 0.38799332962757094 0.5100316147859922 0.34018899388549195 0.5164153696498055 0.2323513062812674 0.5209751945525292 0.1689827682045581 0.5316147859922179 0.13062812673707616
1 0.19321646341463417 0.06411149825783964 0.2023628048780488 0.08919860627177693 0.20922256097560976 0.10871080139372816 0.2149390243902439 0.13310104529616718 0.2149390243902439 0.162369337979094 0.21074695121951223 0.31916376306620203 0.21189024390243905 0.3463414634146341 0.22408536585365857 0.39303135888501733 0.2374237804878049 0.4264808362369337 0.2522865853658537 0.46062717770034844 0.2686737804878049 0.470383275261324 0.29115853658536583 0.4710801393728223 0.3452743902439025 0.38327526132404177 0.33955792682926833 0.37142857142857133 0.32393292682926833 0.37142857142857133 0.3170731707317073 0.38397212543554005 0.27477134146341464 0.44808362369337973 0.26371951219512196 0.43623693379790934 0.24885670731707318 0.39303135888501733 0.23589939024390247 0.33937282229965154 0.23704268292682928 0.26759581881533095 0.24199695121951223 0.12752613240418112 0.24199695121951223 0.10243902439024384 0.2526676829268293 0.07247386759581874
1 0.0 0.445993031358885 0.015243902439024393 0.427177700348432 0.04687500000000001 0.36306620209059226 0.041158536585365856 0.3498257839721254 0.01714939024390244 0.35191637630662015 0.0 0.3881533101045296
2 0.009527439024390244 0.37351916376306615 0.01867378048780488 0.38327526132404177 0.044207317073170736 0.3763066202090592 0.04687500000000001 0.3644599303135888 0.03772865853658537 0.3463414634146341 0.013719512195121953 0.3491289198606271
2 0.31631097560975613 0.38675958188153303 0.32393292682926833 0.3979094076655052 0.3387957317073171 0.3937282229965156 0.3467987804878049 0.3825783972125435 0.33727134146341464 0.3700348432055749 0.32355182926829273 0.3700348432055749
2 0.5834603658536586 0.4306620209059233 0.5891768292682927 0.44459930313588847 0.6093750000000001 0.43902439024390244 0.6105182926829269 0.4341463414634146 0.605564024390244 0.4202090592334494 0.591844512195122 0.42299651567944246
2 0.8250762195121952 0.4501742160278745 0.8300304878048781 0.4592334494773519 0.8418445121951221 0.45783972125435535 0.846798780487805 0.44738675958188145 0.8357469512195121 0.4376306620209059 0.8296493902439025 0.43484320557491285
3 0.2679115853658537 0.4397212543554006 0.2545731707317073 0.4466898954703832 0.25076219512195125 0.45365853658536576 0.25838414634146345 0.4662020905923345 0.2679115853658537 0.4724738675958188 0.28887195121951226 0.46689895470383275 0.27324695121951226 0.45365853658536576
3 0.5419207317073171 0.4857142857142857 0.5289634146341464 0.4829268292682926 0.5236280487804879 0.4933797909407665 0.5316310975609756 0.5052264808362369 0.5442073170731707 0.5149825783972125 0.5625000000000001 0.5121951219512194 0.5480182926829269 0.4989547038327526
3 0.7759146341463415 0.5059233449477352 0.7679115853658537 0.5233449477351916 0.7816310975609757 0.5310104529616725 0.7945884146341464 0.5289198606271777 0.7881097560975611 0.510801393728223
3 0.940548780487805 0.5602787456445993 0.9355945121951221 0.5721254355400697 0.9496951219512196 0.581184668989547 0.9481707317073171 0.5637630662020906
